
Dynamically growing vector

	growth rate	sd
pop1	0.0346574	0.1
pop2	0.0346574	0.1

420 time steps

Running 10 iterations.

time	pop1	pop2	seed
0	1	1	0
1	1	1	0
2	1	1	0
3	1	1	0
4	1	1	0
5	1	1	0
6	1	1	0
7	1	1	0
8	1	1	0
9	1	1	0
10	1	1	0
11	1	1	0
12	1	1	0
13	1	1	0
14	1	1	0
15	1	1	0
16	1	1	0
17	1	1	0
18	1	1	0
19	2	2	0
20	2	2	0
21	2	2	0
22	2	2	0
23	2	2	0
24	2	2	0
25	2	2	0
26	2	2	0
27	2	2	0
28	2	2	0
29	2	2	0
30	2	2	0
31	2	2	0
32	2	2	0
33	2	2	0
34	2	2	0
35	2	2	0
36	2	2	0
37	3	2	0
38	3	2	0
39	4	3	0
40	4	4	0
41	4	4	0
42	4	4	0
43	4	4	0
44	4	4	0
45	4	4	0
46	4	4	0
47	4	4	0
48	4	4	0
49	4	4	0
50	4	4	0
51	4	4	0
52	4	4	0
53	4	4	0
54	5	4	0
55	5	4	0
56	5	4	0
57	5	4	0
58	6	5	0
59	8	6	0
60	8	7	0
61	8	8	0
62	8	8	0
63	8	8	0
64	8	8	0
65	8	8	0
66	8	8	0
67	8	8	0
68	8	8	0
69	8	8	0
70	8	8	0
71	9	8	0
72	9	8	0
73	9	8	0
74	10	8	0
75	10	8	0
76	11	10	0
77	11	10	0
78	13	10	0
79	15	12	0
80	15	12	0
81	16	13	0
82	16	14	0
83	16	16	0
84	16	16	0
85	16	16	0
86	16	16	0
87	16	16	0
88	16	16	0
89	17	16	0
90	17	16	0
91	17	16	0
92	17	16	0
93	17	17	0
94	22	19	0
95	22	19	0
96	22	20	0
97	24	21	0
98	25	21	0
99	26	24	0
100	28	24	0
101	29	25	0
102	29	26	0
103	30	28	0
104	30	29	0
105	31	31	0
106	32	31	0
107	32	31	0
108	32	31	0
109	33	32	0
110	34	33	0
111	35	35	0
112	35	36	0
113	39	36	0
114	40	37	0
115	42	40	0
116	43	42	0
117	46	42	0
118	47	43	0
119	50	50	0
120	54	50	0
121	56	51	0
122	58	53	0
123	59	54	0
124	61	57	0
125	62	59	0
126	64	61	0
127	64	62	0
128	64	64	0
129	66	66	0
130	68	66	0
131	69	67	0
132	72	69	0
133	77	75	0
134	77	75	0
135	81	79	0
136	86	81	0
137	88	86	0
138	89	90	0
139	99	96	0
140	103	98	0
141	112	103	0
142	117	104	0
143	121	110	0
144	122	116	0
145	122	119	0
146	126	124	0
147	129	126	0
148	132	126	0
149	134	132	0
150	138	136	0
151	142	139	0
152	148	140	0
153	150	145	0
154	157	152	0
155	164	156	0
156	172	160	0
157	175	169	0
158	185	174	0
159	196	186	0
160	205	198	0
161	219	205	0
162	226	210	0
163	232	221	0
164	242	229	0
165	245	239	0
166	252	244	0
167	256	249	0
168	262	258	0
169	268	265	0
170	276	268	0
171	284	275	0
172	291	281	0
173	302	289	0
174	311	296	0
175	329	310	0
176	335	322	0
177	356	336	0
178	376	350	0
179	389	372	0
180	406	390	0
181	418	403	0
182	429	421	0
183	448	436	0
184	470	451	0
185	485	467	0
186	493	482	0
187	506	498	0
188	519	515	0
189	536	526	0
190	558	534	0
191	569	545	0
192	590	561	0
193	610	576	0
194	627	592	0
195	649	617	0
196	678	647	0
197	708	676	0
198	737	699	0
199	770	737	0
200	798	770	0
201	829	793	0
202	858	830	0
203	879	863	0
204	904	888	0
205	935	918	0
206	963	957	0
207	998	983	0
208	1030	1006	0
209	1067	1034	0
210	1106	1065	0
211	1150	1097	0
212	1175	1121	0
213	1208	1154	0
214	1256	1191	0
215	1305	1229	0
216	1349	1282	0
217	1398	1342	0
218	1454	1392	0
219	1513	1459	0
220	1583	1518	0
221	1630	1566	0
222	1674	1615	0
223	1728	1694	0
224	1795	1765	0
225	1848	1822	0
226	1901	1881	0
227	1977	1937	0
228	2042	1997	0
229	2113	2055	0
230	2184	2121	0
231	2256	2181	0
232	2353	2242	0
233	2419	2294	0
234	2506	2373	0
235	2595	2465	0
236	2681	2578	0
237	2786	2677	0
238	2893	2768	0
239	2997	2859	0
240	3098	2982	0
241	3209	3095	0
242	3313	3224	0
243	3404	3337	0
244	3531	3463	0
245	3667	3587	0
246	3791	3713	0
247	3912	3832	0
248	4041	3952	0
249	4204	4056	0
250	4345	4187	0
251	4478	4309	0
252	4655	4458	0
253	4821	4598	0
254	4991	4764	0
255	5153	4938	0
256	5367	5117	0
257	5541	5290	0
258	5739	5492	0
259	5929	5705	0
260	6124	5916	0
261	6331	6132	0
262	6558	6356	0
263	6766	6613	0
264	6991	6832	0
265	7221	7080	0
266	7500	7334	0
267	7780	7588	0
268	8045	7798	0
269	8333	8043	0
270	8630	8331	0
271	8952	8594	0
272	9250	8844	0
273	9575	9148	0
274	9891	9475	0
275	10218	9786	0
276	10616	10162	0
277	10952	10519	0
278	11330	10900	0
279	11722	11315	0
280	12122	11731	0
281	12561	12169	0
282	12984	12614	0
283	13431	13072	0
284	13861	13530	0
285	14388	13991	0
286	14904	14475	0
287	15392	14998	0
288	15968	15444	0
289	16560	15930	0
290	17174	16443	0
291	17753	17002	0
292	18378	17550	0
293	19018	18171	0
294	19665	18825	0
295	20332	19491	0
296	21033	20185	0
297	21714	20873	0
298	22413	21662	0
299	23186	22461	0
300	24061	23279	0
301	24887	24127	0
302	25740	25004	0
303	26671	25873	0
304	27606	26777	0
305	28624	27722	0
306	29610	28668	0
307	30616	29586	0
308	31744	30568	0
309	32882	31584	0
310	34055	32611	0
311	35200	33681	0
312	36430	34892	0
313	37703	36053	0
314	38961	37343	0
315	40312	38683	0
316	41714	40061	0
317	43140	41490	0
318	44658	42963	0
319	46152	44547	0
320	47739	46224	0
321	49353	47840	0
322	51123	49500	0
323	52934	51257	0
324	54784	53012	0
325	56749	54807	0
326	58686	56659	0
327	60761	58611	0
328	63009	60654	0
329	65207	62673	0
330	67545	64860	0
331	69910	67003	0
332	72333	69302	0
333	74714	71678	0
334	77264	74180	0
335	79936	76752	0
336	82719	79489	0
337	85572	82315	0
338	88576	85274	0
339	91687	88404	0
340	94855	91547	0
341	98069	94875	0
342	101498	98172	0
343	105042	101511	0
344	108776	104954	0
345	112588	108571	0
346	116552	112317	0
347	120728	116174	0
348	124962	120197	0
349	129409	124415	0
350	133860	128659	0
351	138477	133040	0
352	143288	137583	0
353	148330	142338	0
354	153306	147318	0
355	158576	152429	0
356	164170	157893	0
357	169801	163474	0
358	175691	169181	0
359	181849	175202	0
360	188213	181332	0
361	194641	187784	0
362	201365	194386	0
363	208491	201146	0
364	215892	208057	0
365	223504	215308	0
366	231367	222829	0
367	239436	230540	0
368	247818	238435	0
369	256359	246658	0
370	265332	255060	0
371	274488	263885	0
372	284019	273049	0
373	293736	282536	0
374	304094	292542	0
375	314757	302698	0
376	325703	313307	0
377	336996	324411	0
378	348725	335492	0
379	360701	347497	0
380	373284	359488	0
381	386233	372209	0
382	399773	385154	0
383	413786	398790	0
384	428176	412565	0
385	443480	426856	0
386	458817	441897	0
387	474804	457114	0
388	491262	472927	0
389	508414	489276	0
390	525984	506196	0
391	544231	523688	0
392	563162	541970	0
393	582980	560863	0
394	603218	580335	0
395	623912	600503	0
396	645814	621666	0
397	668294	643597	0
398	691544	665951	0
399	715491	688977	0
400	740378	712988	0
401	766275	737961	0
402	792985	763717	0
403	820534	790413	0
404	849269	818076	0
405	878822	846489	0
406	909672	876309	0
407	941837	906418	0
408	974451	937876	0
409	1008192	970435	0
410	1043557	1003963	0
411	1079532	1039115	0
412	1117251	1075278	0
413	1155927	1112787	0
414	1196299	1151525	0
415	1237935	1192076	0
416	1280898	1233704	0
417	1325186	1276493	0
418	1371482	1320782	0
419	1419199	1367016	0
0	1	1	1
1	1	1	1
2	1	1	1
3	1	1	1
4	1	1	1
5	1	1	1
6	1	1	1
7	1	1	1
8	1	1	1
9	1	1	1
10	1	1	1
11	1	1	1
12	1	1	1
13	1	1	1
14	1	1	1
15	1	1	1
16	1	1	1
17	1	1	1
18	1	1	1
19	2	2	1
20	2	2	1
21	2	2	1
22	2	2	1
23	2	2	1
24	2	2	1
25	2	2	1
26	2	2	1
27	2	2	1
28	2	2	1
29	2	2	1
30	2	2	1
31	2	2	1
32	2	2	1
33	2	2	1
34	2	2	1
35	2	2	1
36	2	2	1
37	2	3	1
38	2	3	1
39	3	4	1
40	3	4	1
41	3	4	1
42	4	4	1
43	4	4	1
44	4	4	1
45	4	4	1
46	4	4	1
47	4	4	1
48	4	4	1
49	4	4	1
50	4	4	1
51	4	4	1
52	4	4	1
53	4	4	1
54	4	4	1
55	4	5	1
56	4	5	1
57	4	5	1
58	5	5	1
59	6	6	1
60	6	7	1
61	6	8	1
62	6	8	1
63	7	8	1
64	8	8	1
65	8	8	1
66	8	8	1
67	8	8	1
68	8	8	1
69	8	8	1
70	8	8	1
71	8	8	1
72	8	9	1
73	8	9	1
74	8	9	1
75	8	10	1
76	8	10	1
77	9	10	1
78	9	11	1
79	12	12	1
80	12	12	1
81	12	12	1
82	12	16	1
83	14	16	1
84	15	16	1
85	15	16	1
86	15	16	1
87	16	16	1
88	16	16	1
89	16	16	1
90	16	17	1
91	16	17	1
92	16	17	1
93	16	19	1
94	16	20	1
95	17	20	1
96	17	20	1
97	17	21	1
98	18	21	1
99	22	22	1
100	22	24	1
101	22	24	1
102	25	27	1
103	26	28	1
104	26	30	1
105	28	31	1
106	28	31	1
107	28	32	1
108	31	33	1
109	32	33	1
110	32	33	1
111	32	35	1
112	32	35	1
113	32	39	1
114	33	40	1
115	34	40	1
116	35	41	1
117	37	41	1
118	40	42	1
119	42	44	1
120	43	44	1
121	45	47	1
122	46	53	1
123	48	56	1
124	52	57	1
125	53	61	1
126	55	62	1
127	58	65	1
128	59	66	1
129	60	66	1
130	60	67	1
131	63	67	1
132	67	72	1
133	67	75	1
134	67	77	1
135	68	80	1
136	71	81	1
137	74	83	1
138	78	87	1
139	81	89	1
140	83	91	1
141	87	95	1
142	91	104	1
143	97	108	1
144	99	110	1
145	102	117	1
146	108	124	1
147	114	128	1
148	116	133	1
149	119	133	1
150	122	137	1
151	124	137	1
152	125	144	1
153	126	146	1
154	132	150	1
155	136	156	1
156	143	162	1
157	148	167	1
158	153	171	1
159	159	176	1
160	168	182	1
161	173	195	1
162	180	205	1
163	189	212	1
164	193	223	1
165	204	234	1
166	209	239	1
167	215	249	1
168	222	262	1
169	233	269	1
170	234	269	1
171	245	278	1
172	250	290	1
173	253	296	1
174	260	306	1
175	271	320	1
176	280	325	1
177	289	332	1
178	302	346	1
179	321	359	1
180	331	372	1
181	342	391	1
182	349	407	1
183	369	423	1
184	382	440	1
185	397	458	1
186	414	470	1
187	421	484	1
188	436	504	1
189	444	516	1
190	460	539	1
191	480	558	1
192	492	569	1
193	507	593	1
194	528	615	1
195	540	630	1
196	560	647	1
197	579	670	1
198	598	695	1
199	624	723	1
200	656	748	1
201	672	778	1
202	701	814	1
203	722	835	1
204	746	862	1
205	772	887	1
206	801	921	1
207	828	949	1
208	849	986	1
209	881	1020	1
210	911	1063	1
211	948	1099	1
212	982	1138	1
213	1015	1178	1
214	1055	1205	1
215	1094	1252	1
216	1126	1298	1
217	1151	1349	1
218	1193	1394	1
219	1252	1438	1
220	1288	1489	1
221	1342	1551	1
222	1383	1595	1
223	1424	1653	1
224	1473	1703	1
225	1534	1753	1
226	1577	1810	1
227	1630	1888	1
228	1695	1947	1
229	1761	2029	1
230	1809	2098	1
231	1876	2162	1
232	1948	2233	1
233	2024	2320	1
234	2092	2415	1
235	2166	2499	1
236	2245	2573	1
237	2316	2661	1
238	2391	2762	1
239	2464	2869	1
240	2559	2961	1
241	2628	3057	1
242	2721	3167	1
243	2841	3270	1
244	2935	3375	1
245	3044	3469	1
246	3154	3599	1
247	3243	3730	1
248	3374	3862	1
249	3494	3999	1
250	3615	4139	1
251	3756	4284	1
252	3895	4448	1
253	4002	4608	1
254	4141	4765	1
255	4286	4915	1
256	4442	5095	1
257	4597	5287	1
258	4741	5477	1
259	4908	5658	1
260	5066	5848	1
261	5238	6077	1
262	5411	6287	1
263	5614	6483	1
264	5840	6711	1
265	6031	6934	1
266	6253	7159	1
267	6472	7409	1
268	6704	7651	1
269	6943	7904	1
270	7190	8213	1
271	7452	8496	1
272	7714	8798	1
273	7971	9129	1
274	8268	9433	1
275	8534	9781	1
276	8792	10094	1
277	9091	10471	1
278	9421	10855	1
279	9711	11222	1
280	10048	11605	1
281	10409	11998	1
282	10791	12407	1
283	11172	12835	1
284	11583	13291	1
285	11972	13798	1
286	12377	14252	1
287	12849	14722	1
288	13311	15233	1
289	13773	15720	1
290	14234	16271	1
291	14744	16851	1
292	15268	17454	1
293	15815	18065	1
294	16335	18693	1
295	16892	19349	1
296	17459	20023	1
297	18042	20729	1
298	18657	21465	1
299	19310	22164	1
300	19965	23000	1
301	20663	23791	1
302	21433	24587	1
303	22172	25464	1
304	22942	26377	1
305	23789	27295	1
306	24615	28218	1
307	25503	29172	1
308	26414	30206	1
309	27345	31255	1
310	28310	32342	1
311	29277	33436	1
312	30241	34584	1
313	31270	35789	1
314	32381	37050	1
315	33496	38376	1
316	34654	39670	1
317	35786	41042	1
318	37017	42446	1
319	38279	43968	1
320	39647	45537	1
321	41063	47132	1
322	42572	48787	1
323	44036	50517	1
324	45618	52233	1
325	47160	54048	1
326	48878	55900	1
327	50614	57874	1
328	52413	59900	1
329	54234	61980	1
330	56094	64172	1
331	58031	66340	1
332	59928	68653	1
333	62044	70998	1
334	64189	73399	1
335	66350	75992	1
336	68605	78647	1
337	70938	81484	1
338	73481	84337	1
339	76077	87250	1
340	78790	90221	1
341	81622	93415	1
342	84535	96679	1
343	87407	100058	1
344	90497	103569	1
345	93579	107225	1
346	96895	110808	1
347	100291	114768	1
348	103870	118683	1
349	107450	122870	1
350	111218	127103	1
351	115117	131547	1
352	119006	136110	1
353	123106	140750	1
354	127227	145607	1
355	131583	150649	1
356	136192	155958	1
357	140960	161522	1
358	145811	167255	1
359	150971	172998	1
360	156296	179058	1
361	161847	185399	1
362	167504	191778	1
363	173463	198565	1
364	179541	205414	1
365	185767	212576	1
366	192322	219940	1
367	198940	227557	1
368	205927	235442	1
369	213099	243696	1
370	220357	252006	1
371	228170	260821	1
372	236001	269858	1
373	244165	279248	1
374	252534	288943	1
375	261361	298888	1
376	270413	309329	1
377	279750	320370	1
378	289525	331451	1
379	299538	343105	1
380	310086	355146	1
381	320946	367422	1
382	332254	380290	1
383	343919	393646	1
384	355899	407386	1
385	368487	421638	1
386	381461	436280	1
387	394661	451409	1
388	408338	467143	1
389	422540	483269	1
390	437169	499992	1
391	452346	517262	1
392	467991	535243	1
393	484307	553952	1
394	501342	573128	1
395	518574	593170	1
396	536567	613780	1
397	555174	635259	1
398	574429	657602	1
399	594445	680537	1
400	615076	704296	1
401	636507	728478	1
402	658792	753782	1
403	682097	780196	1
404	706012	807551	1
405	730609	835647	1
406	756198	865050	1
407	782568	895205	1
408	809946	926447	1
409	838014	958935	1
410	867042	992109	1
411	897436	1026350	1
412	928566	1061866	1
413	960966	1098778	1
414	994329	1136907	1
415	1028738	1176445	1
416	1064213	1217948	1
417	1101295	1260435	1
418	1139588	1304356	1
419	1179156	1349112	1
0	1	1	2
1	1	1	2
2	1	1	2
3	1	1	2
4	1	1	2
5	1	1	2
6	1	1	2
7	1	1	2
8	1	1	2
9	1	1	2
10	1	1	2
11	1	1	2
12	1	1	2
13	1	1	2
14	1	1	2
15	1	1	2
16	1	1	2
17	1	1	2
18	1	1	2
19	2	2	2
20	2	2	2
21	2	2	2
22	2	2	2
23	2	2	2
24	2	2	2
25	2	2	2
26	2	2	2
27	2	2	2
28	2	2	2
29	2	2	2
30	2	2	2
31	2	2	2
32	2	2	2
33	2	2	2
34	2	2	2
35	2	2	2
36	2	2	2
37	2	2	2
38	2	2	2
39	4	3	2
40	4	3	2
41	4	4	2
42	4	4	2
43	4	4	2
44	4	4	2
45	4	4	2
46	4	4	2
47	4	4	2
48	4	4	2
49	4	4	2
50	4	4	2
51	4	4	2
52	4	4	2
53	4	4	2
54	4	4	2
55	4	4	2
56	4	4	2
57	5	4	2
58	6	4	2
59	8	5	2
60	8	6	2
61	8	6	2
62	8	8	2
63	8	8	2
64	8	8	2
65	8	8	2
66	8	8	2
67	8	8	2
68	8	8	2
69	8	8	2
70	8	8	2
71	8	8	2
72	8	8	2
73	8	8	2
74	8	8	2
75	9	8	2
76	10	8	2
77	11	8	2
78	13	10	2
79	14	11	2
80	15	11	2
81	16	11	2
82	16	12	2
83	16	14	2
84	16	14	2
85	16	15	2
86	16	15	2
87	16	15	2
88	16	16	2
89	16	16	2
90	16	16	2
91	16	16	2
92	16	16	2
93	18	16	2
94	19	16	2
95	20	16	2
96	22	17	2
97	24	18	2
98	26	19	2
99	27	20	2
100	28	21	2
101	29	21	2
102	29	22	2
103	30	25	2
104	32	29	2
105	32	29	2
106	32	29	2
107	32	30	2
108	32	30	2
109	32	30	2
110	33	31	2
111	35	31	2
112	36	31	2
113	37	31	2
114	40	33	2
115	41	34	2
116	43	35	2
117	44	36	2
118	47	36	2
119	52	40	2
120	54	40	2
121	56	42	2
122	57	44	2
123	58	49	2
124	59	50	2
125	60	55	2
126	61	56	2
127	61	56	2
128	64	58	2
129	66	58	2
130	66	59	2
131	69	61	2
132	73	62	2
133	74	64	2
134	75	66	2
135	81	68	2
136	82	68	2
137	89	69	2
138	93	74	2
139	99	76	2
140	103	83	2
141	105	85	2
142	109	86	2
143	111	91	2
144	112	96	2
145	115	103	2
146	118	106	2
147	121	110	2
148	125	111	2
149	130	111	2
150	136	113	2
151	139	114	2
152	143	122	2
153	145	128	2
154	152	132	2
155	155	137	2
156	162	141	2
157	174	147	2
158	181	149	2
159	192	156	2
160	198	163	2
161	205	165	2
162	212	171	2
163	216	177	2
164	223	184	2
165	229	196	2
166	235	207	2
167	243	213	2
168	252	219	2
169	260	223	2
170	269	226	2
171	273	232	2
172	281	238	2
173	292	249	2
174	298	262	2
175	313	274	2
176	324	286	2
177	340	294	2
178	355	303	2
179	376	311	2
180	390	321	2
181	403	328	2
182	420	338	2
183	430	346	2
184	444	363	2
185	460	385	2
186	474	398	2
187	491	409	2
188	503	424	2
189	518	441	2
190	532	450	2
191	549	464	2
192	563	479	2
193	583	498	2
194	598	513	2
195	624	540	2
196	646	556	2
197	668	576	2
198	696	593	2
199	727	608	2
200	759	632	2
201	792	655	2
202	825	680	2
203	854	701	2
204	885	723	2
205	899	757	2
206	932	783	2
207	971	807	2
208	997	833	2
209	1026	859	2
210	1061	894	2
211	1097	923	2
212	1134	955	2
213	1165	980	2
214	1213	1023	2
215	1261	1058	2
216	1299	1094	2
217	1331	1125	2
218	1382	1160	2
219	1437	1211	2
220	1490	1260	2
221	1556	1309	2
222	1620	1349	2
223	1680	1395	2
224	1736	1437	2
225	1794	1487	2
226	1860	1555	2
227	1907	1600	2
228	1969	1657	2
229	2042	1704	2
230	2110	1753	2
231	2192	1813	2
232	2257	1876	2
233	2339	1957	2
234	2423	2031	2
235	2494	2109	2
236	2559	2165	2
237	2652	2243	2
238	2758	2310	2
239	2863	2387	2
240	2974	2488	2
241	3073	2589	2
242	3186	2673	2
243	3289	2755	2
244	3412	2849	2
245	3547	2953	2
246	3660	3064	2
247	3795	3163	2
248	3926	3278	2
249	4071	3385	2
250	4207	3489	2
251	4354	3603	2
252	4490	3733	2
253	4634	3872	2
254	4768	4025	2
255	4953	4161	2
256	5131	4308	2
257	5311	4452	2
258	5502	4603	2
259	5678	4759	2
260	5874	4916	2
261	6084	5093	2
262	6312	5289	2
263	6534	5476	2
264	6740	5670	2
265	6996	5854	2
266	7263	6041	2
267	7489	6251	2
268	7741	6466	2
269	8038	6670	2
270	8338	6921	2
271	8622	7178	2
272	8902	7425	2
273	9209	7671	2
274	9501	7971	2
275	9844	8247	2
276	10204	8505	2
277	10542	8797	2
278	10921	9106	2
279	11266	9405	2
280	11653	9742	2
281	12073	10085	2
282	12527	10456	2
283	12941	10818	2
284	13426	11201	2
285	13911	11595	2
286	14360	12000	2
287	14901	12397	2
288	15396	12841	2
289	15943	13270	2
290	16493	13723	2
291	17075	14186	2
292	17685	14712	2
293	18291	15234	2
294	18883	15786	2
295	19566	16336	2
296	20207	16880	2
297	20893	17462	2
298	21623	18036	2
299	22331	18665	2
300	23100	19287	2
301	23940	19983	2
302	24782	20704	2
303	25670	21444	2
304	26614	22200	2
305	27570	22953	2
306	28569	23813	2
307	29547	24615	2
308	30522	25424	2
309	31628	26306	2
310	32735	27246	2
311	33849	28201	2
312	35027	29239	2
313	36261	30200	2
314	37490	31295	2
315	38757	32358	2
316	40045	33418	2
317	41437	34563	2
318	42879	35777	2
319	44322	37025	2
320	45873	38329	2
321	47450	39696	2
322	49181	41095	2
323	50934	42541	2
324	52762	44029	2
325	54636	45564	2
326	56573	47118	2
327	58598	48735	2
328	60674	50467	2
329	62700	52244	2
330	64873	54052	2
331	67073	55990	2
332	69386	57882	2
333	71794	59846	2
334	74281	61957	2
335	76762	64152	2
336	79478	66342	2
337	82159	68637	2
338	85075	70987	2
339	88087	73494	2
340	91128	76052	2
341	94288	78730	2
342	97498	81512	2
343	101040	84417	2
344	104650	87316	2
345	108376	90295	2
346	112142	93486	2
347	116051	96745	2
348	120103	100122	2
349	124290	103592	2
350	128612	107175	2
351	133047	111018	2
352	137539	114743	2
353	142354	118739	2
354	147297	122895	2
355	152388	127136	2
356	157614	131558	2
357	163139	136143	2
358	168818	141036	2
359	174731	145928	2
360	180913	151022	2
361	187080	156229	2
362	193611	161708	2
363	200434	167309	2
364	207470	173154	2
365	214766	179227	2
366	222337	185382	2
367	230043	191772	2
368	237935	198519	2
369	246208	205405	2
370	254957	212483	2
371	263777	219940	2
372	272984	227681	2
373	282449	235663	2
374	292228	243781	2
375	302394	252240	2
376	312823	260942	2
377	323755	270098	2
378	335196	279700	2
379	346737	289522	2
380	358741	299519	2
381	371199	309915	2
382	384119	320551	2
383	397517	331898	2
384	411494	343522	2
385	425800	355459	2
386	440764	367698	2
387	456228	380449	2
388	472099	393774	2
389	488592	407325	2
390	505570	421520	2
391	523214	436322	2
392	541368	451621	2
393	560095	467417	2
394	579603	483661	2
395	599583	500362	2
396	620475	517827	2
397	642261	535999	2
398	664592	554791	2
399	687856	574215	2
400	711733	593981	2
401	736481	614509	2
402	762098	636004	2
403	788542	657958	2
404	816270	681074	2
405	844722	704703	2
406	874019	729083	2
407	904580	754647	2
408	936183	781126	2
409	968867	808041	2
410	1002796	836362	2
411	1037668	865543	2
412	1073826	895642	2
413	1111200	926895	2
414	1149774	959215	2
415	1189605	992600	2
416	1231099	1027164	2
417	1273856	1063246	2
418	1318482	1100185	2
419	1364082	1138261	2
0	1	1	3
1	1	1	3
2	1	1	3
3	1	1	3
4	1	1	3
5	1	1	3
6	1	1	3
7	1	1	3
8	1	1	3
9	1	1	3
10	1	1	3
11	1	1	3
12	1	1	3
13	1	1	3
14	1	1	3
15	1	1	3
16	1	1	3
17	1	1	3
18	1	1	3
19	2	2	3
20	2	2	3
21	2	2	3
22	2	2	3
23	2	2	3
24	2	2	3
25	2	2	3
26	2	2	3
27	2	2	3
28	2	2	3
29	2	2	3
30	2	2	3
31	2	2	3
32	2	2	3
33	2	2	3
34	2	2	3
35	2	2	3
36	2	2	3
37	2	2	3
38	2	2	3
39	3	3	3
40	3	3	3
41	3	4	3
42	4	4	3
43	4	4	3
44	4	4	3
45	4	4	3
46	4	4	3
47	4	4	3
48	4	4	3
49	4	4	3
50	4	4	3
51	4	4	3
52	4	4	3
53	4	4	3
54	4	4	3
55	4	4	3
56	4	4	3
57	4	4	3
58	4	5	3
59	5	6	3
60	5	6	3
61	5	7	3
62	5	8	3
63	6	8	3
64	8	8	3
65	8	8	3
66	8	8	3
67	8	8	3
68	8	8	3
69	8	8	3
70	8	8	3
71	8	8	3
72	8	8	3
73	8	8	3
74	8	8	3
75	8	8	3
76	8	9	3
77	8	9	3
78	9	9	3
79	10	11	3
80	10	11	3
81	10	12	3
82	11	13	3
83	13	14	3
84	14	16	3
85	14	16	3
86	15	16	3
87	15	16	3
88	16	16	3
89	16	16	3
90	16	16	3
91	16	16	3
92	16	16	3
93	16	16	3
94	16	16	3
95	16	17	3
96	16	17	3
97	17	18	3
98	17	19	3
99	19	21	3
100	21	22	3
101	23	24	3
102	24	24	3
103	26	27	3
104	27	28	3
105	27	30	3
106	27	31	3
107	29	31	3
108	30	32	3
109	30	32	3
110	30	32	3
111	30	32	3
112	30	32	3
113	31	33	3
114	31	33	3
115	31	34	3
116	34	37	3
117	36	38	3
118	37	39	3
119	39	41	3
120	42	42	3
121	46	44	3
122	47	49	3
123	50	51	3
124	52	53	3
125	53	56	3
126	54	58	3
127	55	62	3
128	57	62	3
129	58	64	3
130	60	64	3
131	60	65	3
132	60	67	3
133	61	68	3
134	63	69	3
135	64	73	3
136	66	76	3
137	71	76	3
138	71	78	3
139	78	81	3
140	84	85	3
141	88	89	3
142	94	93	3
143	97	96	3
144	103	105	3
145	105	110	3
146	105	110	3
147	109	115	3
148	112	122	3
149	113	130	3
150	116	132	3
151	120	133	3
152	124	136	3
153	126	138	3
154	130	142	3
155	131	146	3
156	136	148	3
157	140	149	3
158	147	158	3
159	158	172	3
160	165	177	3
161	172	180	3
162	185	183	3
163	192	194	3
164	199	202	3
165	204	214	3
166	209	224	3
167	214	229	3
168	220	237	3
169	224	245	3
170	228	254	3
171	233	261	3
172	241	273	3
173	252	279	3
174	259	288	3
175	265	294	3
176	275	304	3
177	291	315	3
178	307	326	3
179	321	338	3
180	334	347	3
181	344	357	3
182	358	376	3
183	374	391	3
184	384	404	3
185	402	418	3
186	415	438	3
187	427	454	3
188	435	471	3
189	444	489	3
190	461	502	3
191	472	519	3
192	484	540	3
193	497	558	3
194	519	580	3
195	538	592	3
196	559	618	3
197	585	641	3
198	605	653	3
199	629	670	3
200	655	699	3
201	689	723	3
202	717	746	3
203	741	775	3
204	768	801	3
205	795	827	3
206	819	854	3
207	846	891	3
208	867	928	3
209	893	974	3
210	928	1000	3
211	956	1030	3
212	972	1062	3
213	1003	1107	3
214	1048	1146	3
215	1078	1186	3
216	1102	1232	3
217	1160	1264	3
218	1206	1305	3
219	1249	1340	3
220	1304	1390	3
221	1370	1432	3
222	1418	1486	3
223	1462	1530	3
224	1516	1584	3
225	1576	1641	3
226	1634	1701	3
227	1682	1763	3
228	1743	1834	3
229	1787	1896	3
230	1850	1980	3
231	1899	2052	3
232	1949	2125	3
233	2006	2188	3
234	2080	2266	3
235	2158	2347	3
236	2243	2432	3
237	2309	2515	3
238	2398	2583	3
239	2496	2671	3
240	2595	2757	3
241	2699	2846	3
242	2797	2945	3
243	2907	3044	3
244	3004	3156	3
245	3104	3271	3
246	3233	3387	3
247	3341	3512	3
248	3448	3651	3
249	3550	3796	3
250	3671	3919	3
251	3783	4052	3
252	3898	4202	3
253	4038	4335	3
254	4183	4490	3
255	4318	4639	3
256	4456	4798	3
257	4608	4971	3
258	4781	5126	3
259	4965	5303	3
260	5163	5467	3
261	5351	5640	3
262	5532	5833	3
263	5737	6047	3
264	5969	6274	3
265	6181	6517	3
266	6381	6753	3
267	6602	6989	3
268	6838	7247	3
269	7060	7503	3
270	7287	7769	3
271	7529	8040	3
272	7770	8294	3
273	8059	8578	3
274	8341	8886	3
275	8602	9192	3
276	8907	9513	3
277	9216	9841	3
278	9564	10171	3
279	9890	10496	3
280	10221	10832	3
281	10595	11203	3
282	10996	11621	3
283	11382	12044	3
284	11796	12467	3
285	12241	12929	3
286	12636	13371	3
287	13052	13837	3
288	13563	14319	3
289	14031	14843	3
290	14498	15380	3
291	14984	15902	3
292	15470	16481	3
293	15994	17047	3
294	16545	17608	3
295	17140	18216	3
296	17720	18841	3
297	18348	19496	3
298	18992	20171	3
299	19676	20882	3
300	20371	21578	3
301	21059	22318	3
302	21836	23100	3
303	22591	23856	3
304	23398	24708	3
305	24214	25606	3
306	25109	26481	3
307	25981	27453	3
308	26853	28387	3
309	27784	29418	3
310	28719	30463	3
311	29705	31574	3
312	30708	32752	3
313	31792	33848	3
314	32872	34945	3
315	34019	36125	3
316	35217	37394	3
317	36397	38624	3
318	37748	40000	3
319	39072	41420	3
320	40420	42884	3
321	41830	44321	3
322	43337	45756	3
323	44866	47349	3
324	46402	49070	3
325	48055	50784	3
326	49763	52584	3
327	51477	54439	3
328	53246	56288	3
329	55089	58383	3
330	57004	60446	3
331	58955	62625	3
332	60924	64920	3
333	63093	67141	3
334	65203	69365	3
335	67556	71756	3
336	69904	74167	3
337	72320	76727	3
338	74868	79422	3
339	77509	82087	3
340	80138	84885	3
341	82919	87765	3
342	85936	90841	3
343	88898	94067	3
344	91965	97355	3
345	95241	100757	3
346	98630	104355	3
347	101981	108009	3
348	105551	111831	3
349	109206	115810	3
350	112941	119976	3
351	116910	124325	3
352	120924	128595	3
353	125065	133029	3
354	129446	137532	3
355	133935	142301	3
356	138536	147197	3
357	143387	152186	3
358	148550	157422	3
359	153725	162832	3
360	159039	168453	3
361	164602	174200	3
362	170392	180306	3
363	176382	186597	3
364	182398	193145	3
365	188757	199989	3
366	195328	207061	3
367	202117	214379	3
368	209147	221909	3
369	216589	229893	3
370	224153	238018	3
371	231962	246382	3
372	239878	254958	3
373	248105	263832	3
374	256739	272910	3
375	265700	282215	3
376	275067	291779	3
377	284663	301867	3
378	294626	312322	3
379	304840	323116	3
380	315520	334352	3
381	326445	345928	3
382	337818	357782	3
383	349393	370183	3
384	361596	383190	3
385	374293	396842	3
386	387435	410879	3
387	401051	425259	3
388	415020	440316	3
389	429398	456066	3
390	444516	471793	3
391	459860	488397	3
392	475740	505486	3
393	492243	523098	3
394	509441	541346	3
395	527337	559852	3
396	545684	578836	3
397	564742	598878	3
398	584224	619478	3
399	604568	640985	3
400	625643	663124	3
401	647519	686339	3
402	670165	710305	3
403	693505	735006	3
404	717380	760623	3
405	742203	787276	3
406	768235	814892	3
407	795075	843794	3
408	822779	873443	3
409	851620	903979	3
410	881229	935571	3
411	912172	968354	3
412	943975	1002044	3
413	976663	1037292	3
414	1010671	1073342	3
415	1046292	1110175	3
416	1082497	1148462	3
417	1120150	1188036	3
418	1159111	1229249	3
419	1199522	1271565	3
0	1	1	4
1	1	1	4
2	1	1	4
3	1	1	4
4	1	1	4
5	1	1	4
6	1	1	4
7	1	1	4
8	1	1	4
9	1	1	4
10	1	1	4
11	1	1	4
12	1	1	4
13	1	1	4
14	1	1	4
15	1	1	4
16	1	1	4
17	1	1	4
18	1	1	4
19	2	2	4
20	2	2	4
21	2	2	4
22	2	2	4
23	2	2	4
24	2	2	4
25	2	2	4
26	2	2	4
27	2	2	4
28	2	2	4
29	2	2	4
30	2	2	4
31	2	2	4
32	2	2	4
33	2	2	4
34	2	2	4
35	2	2	4
36	2	2	4
37	2	3	4
38	2	3	4
39	3	4	4
40	4	4	4
41	4	4	4
42	4	4	4
43	4	4	4
44	4	4	4
45	4	4	4
46	4	4	4
47	4	4	4
48	4	4	4
49	4	4	4
50	4	4	4
51	4	4	4
52	4	4	4
53	4	4	4
54	4	5	4
55	4	5	4
56	4	6	4
57	4	6	4
58	4	6	4
59	5	7	4
60	6	8	4
61	8	8	4
62	8	8	4
63	8	8	4
64	8	8	4
65	8	8	4
66	8	8	4
67	8	8	4
68	8	8	4
69	8	8	4
70	8	8	4
71	8	8	4
72	8	9	4
73	8	9	4
74	8	9	4
75	8	10	4
76	8	12	4
77	8	12	4
78	8	12	4
79	10	14	4
80	11	15	4
81	13	15	4
82	14	15	4
83	15	16	4
84	15	16	4
85	15	16	4
86	15	16	4
87	16	16	4
88	16	16	4
89	16	17	4
90	16	17	4
91	16	18	4
92	16	18	4
93	16	20	4
94	16	20	4
95	17	20	4
96	17	22	4
97	17	22	4
98	17	24	4
99	20	27	4
100	23	29	4
101	25	30	4
102	26	31	4
103	27	31	4
104	28	31	4
105	30	32	4
106	30	32	4
107	30	33	4
108	30	33	4
109	31	35	4
110	31	37	4
111	32	37	4
112	33	39	4
113	34	39	4
114	34	40	4
115	34	41	4
116	34	44	4
117	34	47	4
118	35	49	4
119	40	55	4
120	45	58	4
121	49	61	4
122	52	61	4
123	54	62	4
124	54	63	4
125	57	64	4
126	58	65	4
127	61	69	4
128	61	71	4
129	61	71	4
130	63	71	4
131	63	75	4
132	63	77	4
133	64	78	4
134	66	81	4
135	66	84	4
136	67	91	4
137	70	98	4
138	76	101	4
139	84	108	4
140	91	113	4
141	96	119	4
142	101	119	4
143	105	122	4
144	109	126	4
145	112	130	4
146	116	132	4
147	118	134	4
148	121	139	4
149	122	143	4
150	123	147	4
151	125	149	4
152	126	153	4
153	127	159	4
154	129	166	4
155	134	173	4
156	137	181	4
157	147	192	4
158	158	201	4
159	166	211	4
160	179	223	4
161	188	230	4
162	197	235	4
163	211	244	4
164	215	250	4
165	221	253	4
166	224	261	4
167	228	268	4
168	234	281	4
169	238	289	4
170	243	296	4
171	246	304	4
172	251	311	4
173	256	319	4
174	264	338	4
175	273	352	4
176	285	366	4
177	300	383	4
178	322	396	4
179	334	415	4
180	349	433	4
181	365	442	4
182	384	458	4
183	402	472	4
184	413	485	4
185	428	504	4
186	444	517	4
187	451	538	4
188	458	554	4
189	467	572	4
190	480	590	4
191	490	604	4
192	503	622	4
193	517	641	4
194	534	671	4
195	551	696	4
196	577	725	4
197	599	759	4
198	627	792	4
199	657	820	4
200	684	838	4
201	712	865	4
202	750	897	4
203	779	923	4
204	807	954	4
205	833	998	4
206	860	1030	4
207	891	1068	4
208	913	1099	4
209	936	1130	4
210	950	1166	4
211	981	1203	4
212	1007	1232	4
213	1030	1280	4
214	1062	1329	4
215	1105	1377	4
216	1157	1437	4
217	1198	1495	4
218	1246	1556	4
219	1292	1613	4
220	1353	1651	4
221	1415	1709	4
222	1471	1769	4
223	1527	1828	4
224	1578	1904	4
225	1636	1977	4
226	1700	2049	4
227	1743	2122	4
228	1806	2181	4
229	1853	2245	4
230	1888	2313	4
231	1943	2381	4
232	2011	2452	4
233	2077	2541	4
234	2142	2633	4
235	2201	2745	4
236	2293	2846	4
237	2382	2948	4
238	2480	3047	4
239	2569	3170	4
240	2691	3270	4
241	2790	3361	4
242	2906	3489	4
243	3000	3618	4
244	3106	3771	4
245	3227	3923	4
246	3344	4048	4
247	3441	4185	4
248	3547	4327	4
249	3669	4460	4
250	3776	4598	4
251	3877	4748	4
252	4007	4908	4
253	4134	5068	4
254	4274	5260	4
255	4404	5445	4
256	4567	5636	4
257	4747	5822	4
258	4950	6028	4
259	5162	6239	4
260	5355	6478	4
261	5528	6683	4
262	5699	6932	4
263	5911	7206	4
264	6124	7462	4
265	6346	7735	4
266	6564	8014	4
267	6795	8284	4
268	7035	8529	4
269	7255	8827	4
270	7481	9114	4
271	7712	9417	4
272	7975	9757	4
273	8237	10096	4
274	8510	10440	4
275	8840	10817	4
276	9133	11173	4
277	9489	11563	4
278	9871	11964	4
279	10252	12421	4
280	10605	12859	4
281	10961	13325	4
282	11316	13812	4
283	11725	14285	4
284	12157	14795	4
285	12553	15293	4
286	12995	15804	4
287	13463	16366	4
288	13907	16913	4
289	14374	17451	4
290	14831	18073	4
291	15300	18697	4
292	15820	19370	4
293	16383	20011	4
294	16998	20750	4
295	17580	21474	4
296	18203	22213	4
297	18882	23001	4
298	19530	23806	4
299	20283	24658	4
300	21026	25550	4
301	21765	26434	4
302	22473	27376	4
303	23286	28345	4
304	24079	29298	4
305	24899	30326	4
306	25776	31384	4
307	26632	32435	4
308	27597	33519	4
309	28529	34705	4
310	29463	35894	4
311	30383	37116	4
312	31462	38412	4
313	32539	39842	4
314	33686	41216	4
315	34952	42642	4
316	36147	44141	4
317	37408	45682	4
318	38753	47288	4
319	40184	48946	4
320	41631	50681	4
321	43068	52452	4
322	44567	54350	4
323	46043	56193	4
324	47669	58171	4
325	49396	60182	4
326	51134	62258	4
327	52877	64405	4
328	54637	66611	4
329	56558	68924	4
330	58529	71217	4
331	60426	73681	4
332	62457	76253	4
333	64590	79016	4
334	66889	81711	4
335	69249	84603	4
336	71684	87522	4
337	74176	90539	4
338	76883	93823	4
339	79608	97110	4
340	82443	100478	4
341	85292	104038	4
342	88338	107711	4
343	91406	111361	4
344	94559	115277	4
345	97938	119367	4
346	101365	123535	4
347	104801	127772	4
348	108420	132266	4
349	112127	136817	4
350	116004	141544	4
351	119977	146342	4
352	124064	151368	4
353	128338	156602	4
354	132709	162045	4
355	137330	167640	4
356	142289	173606	4
357	147258	179799	4
358	152468	186130	4
359	157927	192621	4
360	163450	199491	4
361	169152	206483	4
362	175059	213521	4
363	181233	220980	4
364	187613	228657	4
365	194206	236554	4
366	200851	244930	4
367	207913	253448	4
368	215004	262091	4
369	222489	271276	4
370	230068	280753	4
371	237945	290269	4
372	246158	300209	4
373	254562	310644	4
374	263486	321518	4
375	272641	332662	4
376	282318	344377	4
377	292214	356529	4
378	302349	368921	4
379	313165	381851	4
380	324158	395287	4
381	335437	409241	4
382	347056	423545	4
383	359227	438350	4
384	372054	453535	4
385	384991	469270	4
386	398524	485506	4
387	412246	502423	4
388	426539	519720	4
389	441274	537782	4
390	456437	556380	4
391	472210	575828	4
392	488409	595993	4
393	505340	616424	4
394	522825	637800	4
395	540983	660031	4
396	560084	682900	4
397	579597	706622	4
398	600039	731565	4
399	620989	757397	4
400	642657	783858	4
401	665215	811479	4
402	688629	840012	4
403	712830	869166	4
404	737776	899340	4
405	763482	930695	4
406	790102	963044	4
407	817568	996508	4
408	845769	1031171	4
409	875080	1066833	4
410	905316	1104208	4
411	936748	1142327	4
412	969259	1181922	4
413	1002942	1223113	4
414	1037618	1265216	4
415	1073596	1309250	4
416	1111187	1354890	4
417	1149871	1402220	4
418	1190036	1451451	4
419	1231827	1502235	4
0	1	1	5
1	1	1	5
2	1	1	5
3	1	1	5
4	1	1	5
5	1	1	5
6	1	1	5
7	1	1	5
8	1	1	5
9	1	1	5
10	1	1	5
11	1	1	5
12	1	1	5
13	1	1	5
14	1	1	5
15	1	1	5
16	1	1	5
17	1	1	5
18	1	1	5
19	2	2	5
20	2	2	5
21	2	2	5
22	2	2	5
23	2	2	5
24	2	2	5
25	2	2	5
26	2	2	5
27	2	2	5
28	2	2	5
29	2	2	5
30	2	2	5
31	2	2	5
32	2	2	5
33	2	2	5
34	2	2	5
35	2	2	5
36	2	2	5
37	2	2	5
38	3	3	5
39	4	4	5
40	4	4	5
41	4	4	5
42	4	4	5
43	4	4	5
44	4	4	5
45	4	4	5
46	4	4	5
47	4	4	5
48	4	4	5
49	4	4	5
50	4	4	5
51	4	4	5
52	4	4	5
53	4	4	5
54	4	4	5
55	4	4	5
56	4	4	5
57	6	5	5
58	6	5	5
59	8	7	5
60	8	7	5
61	8	7	5
62	8	8	5
63	8	8	5
64	8	8	5
65	8	8	5
66	8	8	5
67	8	8	5
68	8	8	5
69	8	8	5
70	8	8	5
71	8	8	5
72	8	8	5
73	8	8	5
74	8	8	5
75	10	8	5
76	10	9	5
77	10	9	5
78	10	9	5
79	12	12	5
80	14	13	5
81	15	13	5
82	16	15	5
83	16	15	5
84	16	15	5
85	16	16	5
86	16	16	5
87	16	16	5
88	16	16	5
89	16	16	5
90	16	16	5
91	16	16	5
92	16	16	5
93	17	16	5
94	18	17	5
95	19	18	5
96	19	18	5
97	20	18	5
98	23	19	5
99	24	22	5
100	25	24	5
101	28	26	5
102	29	28	5
103	30	28	5
104	31	28	5
105	32	29	5
106	32	29	5
107	32	32	5
108	32	32	5
109	32	32	5
110	33	32	5
111	33	32	5
112	34	33	5
113	34	33	5
114	37	34	5
115	39	36	5
116	40	38	5
117	43	38	5
118	44	39	5
119	46	46	5
120	46	49	5
121	49	50	5
122	52	53	5
123	57	54	5
124	61	57	5
125	62	58	5
126	62	59	5
127	64	60	5
128	65	61	5
129	65	62	5
130	65	64	5
131	68	65	5
132	70	68	5
133	72	69	5
134	74	70	5
135	77	70	5
136	81	72	5
137	87	76	5
138	88	82	5
139	92	89	5
140	95	91	5
141	97	98	5
142	102	106	5
143	105	109	5
144	112	113	5
145	117	116	5
146	120	117	5
147	122	121	5
148	124	122	5
149	128	125	5
150	134	126	5
151	138	129	5
152	142	134	5
153	145	138	5
154	150	138	5
155	158	142	5
156	168	148	5
157	175	154	5
158	178	161	5
159	188	172	5
160	192	181	5
161	199	196	5
162	204	204	5
163	210	213	5
164	216	217	5
165	229	224	5
166	235	233	5
167	241	239	5
168	247	243	5
169	256	244	5
170	262	252	5
171	271	262	5
172	282	268	5
173	293	276	5
174	301	282	5
175	316	287	5
176	333	292	5
177	346	303	5
178	364	323	5
179	375	344	5
180	388	361	5
181	396	377	5
182	406	398	5
183	421	415	5
184	433	426	5
185	444	439	5
186	465	450	5
187	480	459	5
188	492	475	5
189	504	490	5
190	525	502	5
191	542	514	5
192	562	532	5
193	581	546	5
194	608	566	5
195	632	581	5
196	665	592	5
197	691	620	5
198	718	649	5
199	747	680	5
200	769	710	5
201	785	749	5
202	809	776	5
203	836	805	5
204	862	838	5
205	894	862	5
206	917	883	5
207	952	906	5
208	971	941	5
209	1001	968	5
210	1043	990	5
211	1075	1018	5
212	1120	1046	5
213	1163	1078	5
214	1214	1114	5
215	1270	1155	5
216	1316	1202	5
217	1376	1239	5
218	1412	1300	5
219	1462	1350	5
220	1504	1402	5
221	1554	1456	5
222	1602	1521	5
223	1659	1590	5
224	1709	1638	5
225	1761	1692	5
226	1824	1743	5
227	1883	1798	5
228	1950	1856	5
229	2012	1906	5
230	2080	1965	5
231	2156	2017	5
232	2239	2082	5
233	2323	2148	5
234	2424	2233	5
235	2513	2302	5
236	2610	2386	5
237	2695	2480	5
238	2799	2586	5
239	2891	2677	5
240	2987	2785	5
241	3084	2886	5
242	3176	2983	5
243	3291	3109	5
244	3404	3212	5
245	3502	3345	5
246	3618	3453	5
247	3746	3544	5
248	3878	3669	5
249	4002	3775	5
250	4157	3889	5
251	4300	4012	5
252	4461	4153	5
253	4619	4282	5
254	4794	4440	5
255	4963	4585	5
256	5134	4754	5
257	5328	4940	5
258	5517	5133	5
259	5710	5320	5
260	5907	5540	5
261	6114	5726	5
262	6322	5919	5
263	6520	6149	5
264	6723	6367	5
265	6944	6593	5
266	7189	6815	5
267	7421	7044	5
268	7684	7275	5
269	7954	7486	5
270	8241	7737	5
271	8572	7966	5
272	8887	8233	5
273	9161	8518	5
274	9474	8821	5
275	9807	9142	5
276	10179	9488	5
277	10528	9845	5
278	10905	10192	5
279	11278	10570	5
280	11694	10935	5
281	12121	11350	5
282	12550	11770	5
283	12933	12171	5
284	13342	12612	5
285	13794	13055	5
286	14258	13468	5
287	14756	13926	5
288	15265	14379	5
289	15810	14827	5
290	16404	15348	5
291	16958	15857	5
292	17520	16393	5
293	18149	16922	5
294	18821	17509	5
295	19512	18169	5
296	20209	18837	5
297	20915	19540	5
298	21657	20227	5
299	22413	20983	5
300	23172	21745	5
301	23971	22492	5
302	24760	23296	5
303	25643	24106	5
304	26493	24959	5
305	27374	25834	5
306	28317	26711	5
307	29302	27613	5
308	30356	28517	5
309	31366	29423	5
310	32501	30475	5
311	33627	31516	5
312	34778	32540	5
313	36024	33621	5
314	37330	34836	5
315	38701	36061	5
316	40086	37406	5
317	41494	38756	5
318	42913	40116	5
319	44381	41586	5
320	45900	43035	5
321	47405	44554	5
322	49074	46133	5
323	50819	47812	5
324	52601	49576	5
325	54385	51229	5
326	56196	52976	5
327	58148	54744	5
328	60185	56591	5
329	62317	58485	5
330	64513	60491	5
331	66723	62527	5
332	69129	64710	5
333	71545	66858	5
334	74039	69224	5
335	76639	71679	5
336	79467	74216	5
337	82194	76872	5
338	85062	79573	5
339	87974	82359	5
340	90957	85263	5
341	94163	88410	5
342	97424	91601	5
343	100799	94845	5
344	104234	98168	5
345	107879	101514	5
346	111556	104955	5
347	115538	108585	5
348	119494	112262	5
349	123677	116092	5
350	128005	120056	5
351	132517	124122	5
352	137041	128361	5
353	141904	132840	5
354	146789	137428	5
355	152088	142271	5
356	157485	147357	5
357	162933	152403	5
358	168709	157885	5
359	174464	163607	5
360	180438	169409	5
361	186711	175371	5
362	193154	181609	5
363	199943	187986	5
364	206867	194615	5
365	214047	201386	5
366	221464	208289	5
367	229169	215233	5
368	237151	222641	5
369	245396	230316	5
370	253873	238231	5
371	262710	246308	5
372	271830	254720	5
373	281337	263539	5
374	291262	272642	5
375	301444	282466	5
376	312065	292418	5
377	323122	302765	5
378	334549	313271	5
379	346148	324417	5
380	358079	335919	5
381	370361	347816	5
382	383268	360206	5
383	396732	372715	5
384	410508	385652	5
385	424772	399074	5
386	439443	412822	5
387	454598	427074	5
388	470421	441758	5
389	486588	456897	5
390	503319	472582	5
391	520827	488736	5
392	539022	505747	5
393	558104	523139	5
394	577578	541528	5
395	597938	560572	5
396	618963	580228	5
397	640716	600361	5
398	663150	621560	5
399	686221	643576	5
400	710181	666605	5
401	734849	689952	5
402	760620	714240	5
403	786997	739035	5
404	814240	764542	5
405	842648	791320	5
406	871607	818732	5
407	901616	846868	5
408	932792	876110	5
409	965262	906306	5
410	998944	937582	5
411	1033736	969948	5
412	1069720	1003547	5
413	1107392	1038420	5
414	1145991	1074652	5
415	1186239	1111916	5
416	1227700	1150785	5
417	1270947	1191167	5
418	1315482	1233182	5
419	1361162	1276758	5
0	1	1	6
1	1	1	6
2	1	1	6
3	1	1	6
4	1	1	6
5	1	1	6
6	1	1	6
7	1	1	6
8	1	1	6
9	1	1	6
10	1	1	6
11	1	1	6
12	1	1	6
13	1	1	6
14	1	1	6
15	1	1	6
16	1	1	6
17	1	1	6
18	1	1	6
19	2	2	6
20	2	2	6
21	2	2	6
22	2	2	6
23	2	2	6
24	2	2	6
25	2	2	6
26	2	2	6
27	2	2	6
28	2	2	6
29	2	2	6
30	2	2	6
31	2	2	6
32	2	2	6
33	2	2	6
34	2	2	6
35	2	2	6
36	2	2	6
37	2	3	6
38	2	3	6
39	3	4	6
40	4	4	6
41	4	4	6
42	4	4	6
43	4	4	6
44	4	4	6
45	4	4	6
46	4	4	6
47	4	4	6
48	4	4	6
49	4	4	6
50	4	4	6
51	4	4	6
52	4	4	6
53	4	4	6
54	4	5	6
55	4	5	6
56	4	5	6
57	4	5	6
58	5	6	6
59	6	7	6
60	7	7	6
61	8	7	6
62	8	8	6
63	8	8	6
64	8	8	6
65	8	8	6
66	8	8	6
67	8	8	6
68	8	8	6
69	8	8	6
70	8	8	6
71	8	8	6
72	8	10	6
73	8	10	6
74	8	10	6
75	8	10	6
76	9	10	6
77	10	11	6
78	10	11	6
79	12	12	6
80	13	14	6
81	14	15	6
82	15	15	6
83	15	15	6
84	16	15	6
85	16	15	6
86	16	15	6
87	16	16	6
88	16	17	6
89	16	19	6
90	16	19	6
91	16	20	6
92	16	20	6
93	16	20	6
94	16	20	6
95	19	20	6
96	19	22	6
97	20	22	6
98	22	22	6
99	24	27	6
100	24	29	6
101	28	30	6
102	28	30	6
103	29	30	6
104	30	31	6
105	31	31	6
106	31	33	6
107	31	35	6
108	32	36	6
109	32	36	6
110	32	38	6
111	32	39	6
112	32	39	6
113	35	41	6
114	35	42	6
115	36	43	6
116	36	44	6
117	43	46	6
118	45	48	6
119	49	51	6
120	50	53	6
121	52	58	6
122	55	60	6
123	57	63	6
124	59	65	6
125	61	65	6
126	62	68	6
127	63	69	6
128	63	70	6
129	63	75	6
130	63	75	6
131	63	77	6
132	68	79	6
133	69	82	6
134	69	83	6
135	70	86	6
136	75	89	6
137	83	93	6
138	86	96	6
139	94	102	6
140	96	107	6
141	104	112	6
142	106	122	6
143	107	125	6
144	114	130	6
145	116	132	6
146	122	135	6
147	123	137	6
148	124	142	6
149	126	144	6
150	129	149	6
151	133	153	6
152	135	159	6
153	137	162	6
154	144	168	6
155	152	172	6
156	157	181	6
157	167	185	6
158	173	188	6
159	176	199	6
160	187	212	6
161	200	220	6
162	206	236	6
163	216	254	6
164	220	259	6
165	229	265	6
166	235	271	6
167	240	277	6
168	245	283	6
169	254	286	6
170	261	294	6
171	268	304	6
172	275	315	6
173	287	324	6
174	296	335	6
175	302	348	6
176	321	366	6
177	333	376	6
178	346	385	6
179	357	403	6
180	364	422	6
181	386	443	6
182	401	465	6
183	422	490	6
184	438	503	6
185	449	522	6
186	460	538	6
187	479	551	6
188	488	561	6
189	511	573	6
190	520	590	6
191	536	609	6
192	554	625	6
193	572	645	6
194	589	670	6
195	612	700	6
196	634	727	6
197	662	753	6
198	686	780	6
199	709	816	6
200	735	858	6
201	764	887	6
202	796	925	6
203	833	958	6
204	854	997	6
205	889	1023	6
206	917	1052	6
207	947	1085	6
208	972	1117	6
209	1005	1148	6
210	1031	1177	6
211	1062	1220	6
212	1097	1259	6
213	1140	1297	6
214	1185	1351	6
215	1215	1408	6
216	1259	1464	6
217	1304	1520	6
218	1343	1578	6
219	1395	1633	6
220	1461	1699	6
221	1527	1766	6
222	1580	1837	6
223	1648	1913	6
224	1707	1976	6
225	1761	2034	6
226	1819	2087	6
227	1876	2153	6
228	1931	2216	6
229	1986	2286	6
230	2047	2356	6
231	2112	2436	6
232	2192	2527	6
233	2272	2599	6
234	2346	2702	6
235	2429	2824	6
236	2517	2923	6
237	2595	3029	6
238	2688	3154	6
239	2786	3268	6
240	2893	3400	6
241	3010	3507	6
242	3133	3638	6
243	3240	3779	6
244	3344	3910	6
245	3462	4039	6
246	3585	4156	6
247	3698	4293	6
248	3830	4407	6
249	3963	4542	6
250	4073	4701	6
251	4212	4845	6
252	4361	5022	6
253	4512	5207	6
254	4649	5394	6
255	4813	5607	6
256	4992	5811	6
257	5169	6039	6
258	5339	6272	6
259	5544	6491	6
260	5771	6726	6
261	5983	6966	6
262	6198	7224	6
263	6402	7471	6
264	6612	7733	6
265	6856	7987	6
266	7088	8250	6
267	7338	8484	6
268	7569	8807	6
269	7839	9077	6
270	8095	9394	6
271	8361	9673	6
272	8628	10011	6
273	8899	10338	6
274	9222	10694	6
275	9510	11126	6
276	9865	11555	6
277	10257	12002	6
278	10640	12433	6
279	11058	12928	6
280	11460	13397	6
281	11892	13832	6
282	12291	14296	6
283	12722	14785	6
284	13127	15259	6
285	13570	15783	6
286	14017	16330	6
287	14532	16859	6
288	15020	17448	6
289	15532	18062	6
290	16055	18647	6
291	16544	19253	6
292	17103	19903	6
293	17671	20568	6
294	18274	21315	6
295	18937	22067	6
296	19610	22891	6
297	20362	23791	6
298	21168	24680	6
299	21962	25596	6
300	22725	26491	6
301	23545	27415	6
302	24341	28337	6
303	25224	29260	6
304	26057	30275	6
305	26947	31243	6
306	27839	32305	6
307	28772	33440	6
308	29749	34595	6
309	30778	35793	6
310	31792	37007	6
311	32872	38251	6
312	33984	39598	6
313	35128	40920	6
314	36335	42366	6
315	37637	43824	6
316	39038	45467	6
317	40480	47112	6
318	41953	48865	6
319	43469	50598	6
320	45024	52428	6
321	46654	54262	6
322	48281	56164	6
323	50034	58038	6
324	51632	60035	6
325	53376	62062	6
326	55182	64131	6
327	57038	66334	6
328	58956	68639	6
329	61015	70952	6
330	63089	73331	6
331	65173	75910	6
332	67468	78522	6
333	69824	81302	6
334	72264	84165	6
335	74844	87171	6
336	77508	90326	6
337	80278	93545	6
338	83129	96861	6
339	86140	100204	6
340	89167	103811	6
341	92339	107450	6
342	95668	111262	6
343	99026	115128	6
344	102303	118976	6
345	105806	123075	6
346	109495	127337	6
347	113235	131662	6
348	117049	136222	6
349	120973	140841	6
350	125164	145673	6
351	129381	150598	6
352	133960	155784	6
353	138626	161337	6
354	143458	167019	6
355	148518	172988	6
356	153752	179210	6
357	159193	185472	6
358	164792	192092	6
359	170680	198916	6
360	176738	205852	6
361	183049	212993	6
362	189478	220454	6
363	196110	228129	6
364	203015	235960	6
365	210029	244195	6
366	217148	252622	6
367	224480	261252	6
368	232199	270335	6
369	240165	279532	6
370	248394	289106	6
371	257029	299061	6
372	265932	309543	6
373	275157	320340	6
374	284661	331504	6
375	294722	343316	6
376	305112	355187	6
377	315885	367786	6
378	327007	380813	6
379	338430	394289	6
380	350260	408349	6
381	362730	422609	6
382	375531	437336	6
383	388793	452433	6
384	402352	467908	6
385	416175	484087	6
386	430452	500981	6
387	445390	518409	6
388	460712	536339	6
389	476612	554773	6
390	493016	573798	6
391	510066	593447	6
392	527795	614280	6
393	546075	635678	6
394	565092	657969	6
395	584751	681113	6
396	605248	704874	6
397	626438	729711	6
398	648406	755286	6
399	671104	781824	6
400	694665	809203	6
401	719119	837683	6
402	744590	866955	6
403	770429	897378	6
404	797320	928452	6
405	825040	960585	6
406	853500	993799	6
407	882942	1028148	6
408	913813	1063925	6
409	945451	1100700	6
410	978253	1138953	6
411	1012218	1178274	6
412	1047579	1219503	6
413	1083764	1262071	6
414	1121393	1305903	6
415	1160152	1351498	6
416	1200811	1398616	6
417	1242901	1447656	6
418	1286061	1498188	6
419	1331011	1550718	6
0	1	1	7
1	1	1	7
2	1	1	7
3	1	1	7
4	1	1	7
5	1	1	7
6	1	1	7
7	1	1	7
8	1	1	7
9	1	1	7
10	1	1	7
11	1	1	7
12	1	1	7
13	1	1	7
14	1	1	7
15	1	1	7
16	1	1	7
17	1	1	7
18	1	1	7
19	2	2	7
20	2	2	7
21	2	2	7
22	2	2	7
23	2	2	7
24	2	2	7
25	2	2	7
26	2	2	7
27	2	2	7
28	2	2	7
29	2	2	7
30	2	2	7
31	2	2	7
32	2	2	7
33	2	2	7
34	2	2	7
35	2	2	7
36	2	2	7
37	2	2	7
38	2	3	7
39	3	4	7
40	3	4	7
41	3	4	7
42	3	4	7
43	4	4	7
44	4	4	7
45	4	4	7
46	4	4	7
47	4	4	7
48	4	4	7
49	4	4	7
50	4	4	7
51	4	4	7
52	4	4	7
53	4	4	7
54	4	4	7
55	4	4	7
56	4	5	7
57	4	6	7
58	4	6	7
59	6	7	7
60	6	7	7
61	6	8	7
62	6	8	7
63	7	8	7
64	7	8	7
65	7	8	7
66	8	8	7
67	8	8	7
68	8	8	7
69	8	8	7
70	8	8	7
71	8	8	7
72	8	8	7
73	8	9	7
74	8	9	7
75	8	10	7
76	8	11	7
77	8	11	7
78	8	11	7
79	11	13	7
80	12	14	7
81	12	15	7
82	13	15	7
83	14	16	7
84	14	16	7
85	14	16	7
86	14	16	7
87	15	16	7
88	15	16	7
89	16	16	7
90	16	16	7
91	16	17	7
92	16	17	7
93	16	19	7
94	16	21	7
95	16	22	7
96	17	24	7
97	17	25	7
98	18	25	7
99	21	27	7
100	23	29	7
101	25	30	7
102	27	30	7
103	27	31	7
104	28	31	7
105	28	32	7
106	28	32	7
107	29	32	7
108	29	33	7
109	31	33	7
110	31	33	7
111	31	34	7
112	32	38	7
113	33	40	7
114	33	41	7
115	34	45	7
116	34	48	7
117	37	51	7
118	40	52	7
119	42	54	7
120	44	56	7
121	47	56	7
122	50	56	7
123	52	58	7
124	54	59	7
125	56	62	7
126	56	63	7
127	57	64	7
128	60	65	7
129	61	67	7
130	61	69	7
131	62	71	7
132	63	75	7
133	64	83	7
134	67	84	7
135	69	90	7
136	73	94	7
137	76	98	7
138	79	100	7
139	84	102	7
140	89	107	7
141	94	109	7
142	96	112	7
143	102	116	7
144	105	117	7
145	109	119	7
146	112	120	7
147	117	127	7
148	118	131	7
149	121	132	7
150	121	139	7
151	125	148	7
152	127	152	7
153	131	158	7
154	132	168	7
155	139	173	7
156	143	179	7
157	148	185	7
158	158	192	7
159	167	201	7
160	173	211	7
161	186	214	7
162	192	219	7
163	199	225	7
164	206	228	7
165	214	241	7
166	222	249	7
167	229	255	7
168	231	261	7
169	240	268	7
170	244	277	7
171	250	283	7
172	253	294	7
173	259	314	7
174	265	326	7
175	273	339	7
176	288	357	7
177	294	364	7
178	309	384	7
179	328	396	7
180	341	403	7
181	361	415	7
182	370	434	7
183	381	452	7
184	401	464	7
185	419	482	7
186	430	495	7
187	447	507	7
188	460	522	7
189	473	539	7
190	486	556	7
191	494	572	7
192	507	592	7
193	518	620	7
194	532	643	7
195	556	668	7
196	571	699	7
197	590	724	7
198	615	752	7
199	646	783	7
200	673	802	7
201	701	827	7
202	724	864	7
203	755	895	7
204	783	919	7
205	814	947	7
206	844	971	7
207	871	1002	7
208	898	1039	7
209	931	1080	7
210	958	1112	7
211	985	1146	7
212	1014	1185	7
213	1036	1227	7
214	1079	1271	7
215	1114	1321	7
216	1151	1369	7
217	1185	1429	7
218	1235	1477	7
219	1281	1532	7
220	1340	1585	7
221	1386	1633	7
222	1432	1701	7
223	1491	1764	7
224	1548	1826	7
225	1607	1878	7
226	1641	1938	7
227	1706	2005	7
228	1755	2067	7
229	1821	2126	7
230	1880	2215	7
231	1954	2296	7
232	2017	2361	7
233	2090	2437	7
234	2150	2524	7
235	2219	2631	7
236	2291	2721	7
237	2373	2821	7
238	2448	2934	7
239	2544	3036	7
240	2644	3130	7
241	2742	3250	7
242	2851	3366	7
243	2946	3485	7
244	3037	3606	7
245	3157	3723	7
246	3259	3839	7
247	3358	3962	7
248	3481	4109	7
249	3596	4237	7
250	3725	4381	7
251	3866	4538	7
252	4002	4691	7
253	4136	4859	7
254	4258	5048	7
255	4413	5208	7
256	4571	5396	7
257	4705	5592	7
258	4871	5807	7
259	5047	6017	7
260	5234	6225	7
261	5433	6439	7
262	5603	6661	7
263	5800	6930	7
264	5991	7157	7
265	6210	7372	7
266	6434	7620	7
267	6674	7852	7
268	6900	8123	7
269	7141	8404	7
270	7410	8688	7
271	7684	9011	7
272	7924	9340	7
273	8186	9674	7
274	8455	9998	7
275	8728	10352	7
276	9053	10719	7
277	9363	11120	7
278	9690	11505	7
279	10019	11937	7
280	10372	12338	7
281	10767	12766	7
282	11114	13197	7
283	11516	13658	7
284	11896	14121	7
285	12307	14627	7
286	12723	15090	7
287	13201	15611	7
288	13691	16169	7
289	14189	16713	7
290	14675	17262	7
291	15180	17877	7
292	15673	18499	7
293	16230	19182	7
294	16783	19867	7
295	17345	20558	7
296	17948	21268	7
297	18588	22047	7
298	19217	22828	7
299	19894	23633	7
300	20593	24466	7
301	21324	25281	7
302	22052	26182	7
303	22829	27071	7
304	23630	27973	7
305	24425	28946	7
306	25239	29952	7
307	26154	30948	7
308	27095	32025	7
309	28038	33135	7
310	29030	34277	7
311	30045	35484	7
312	31081	36728	7
313	32194	38051	7
314	33307	39420	7
315	34461	40840	7
316	35625	42200	7
317	36811	43703	7
318	38154	45246	7
319	39492	46872	7
320	40834	48488	7
321	42221	50177	7
322	43750	51899	7
323	45278	53667	7
324	46863	55496	7
325	48483	57378	7
326	50109	59457	7
327	51835	61413	7
328	53678	63527	7
329	55580	65708	7
330	57481	68001	7
331	59544	70415	7
332	61656	72949	7
333	63819	75557	7
334	66072	78183	7
335	68331	80939	7
336	70737	83697	7
337	73155	86649	7
338	75723	89715	7
339	78306	92839	7
340	80992	96107	7
341	83849	99466	7
342	86722	102988	7
343	89701	106552	7
344	92879	110183	7
345	96161	113958	7
346	99543	117879	7
347	102966	121906	7
348	106491	126083	7
349	110198	130428	7
350	114118	135135	7
351	118191	139841	7
352	122351	144747	7
353	126620	149771	7
354	131005	155075	7
355	135575	160515	7
356	140375	166078	7
357	145153	171913	7
358	150173	177814	7
359	155306	183968	7
360	160650	190574	7
361	166305	197301	7
362	172037	204262	7
363	177964	211368	7
364	184210	218689	7
365	190718	226209	7
366	197308	233818	7
367	204240	241967	7
368	211421	250313	7
369	218744	259043	7
370	226510	268162	7
371	234498	277415	7
372	242596	287092	7
373	251023	297161	7
374	259815	307530	7
375	269003	318073	7
376	278423	329390	7
377	287970	340933	7
378	297980	352821	7
379	308233	365279	7
380	318895	378021	7
381	329980	391273	7
382	341422	405017	7
383	353163	419129	7
384	365493	433632	7
385	378315	448535	7
386	391379	464219	7
387	404995	480242	7
388	419178	496872	7
389	434013	514143	7
390	449131	531873	7
391	464820	550456	7
392	481214	569529	7
393	498196	589429	7
394	515566	610091	7
395	533359	631411	7
396	552196	653448	7
397	571329	676388	7
398	591045	700082	7
399	611695	724540	7
400	632661	749610	7
401	654467	775944	7
402	677286	803106	7
403	701004	831082	7
404	725243	859952	7
405	750424	889734	7
406	776296	920803	7
407	803705	952907	7
408	831629	985888	7
409	860860	1020055	7
410	890965	1055582	7
411	922268	1092191	7
412	954519	1130093	7
413	987704	1169688	7
414	1022483	1210431	7
415	1058078	1252593	7
416	1094870	1296426	7
417	1133203	1341372	7
418	1172459	1388502	7
419	1212982	1437153	7
0	1	1	8
1	1	1	8
2	1	1	8
3	1	1	8
4	1	1	8
5	1	1	8
6	1	1	8
7	1	1	8
8	1	1	8
9	1	1	8
10	1	1	8
11	1	1	8
12	1	1	8
13	1	1	8
14	1	1	8
15	1	1	8
16	1	1	8
17	1	1	8
18	1	1	8
19	2	2	8
20	2	2	8
21	2	2	8
22	2	2	8
23	2	2	8
24	2	2	8
25	2	2	8
26	2	2	8
27	2	2	8
28	2	2	8
29	2	2	8
30	2	2	8
31	2	2	8
32	2	2	8
33	2	2	8
34	2	2	8
35	2	2	8
36	2	2	8
37	2	2	8
38	2	2	8
39	3	3	8
40	4	3	8
41	4	4	8
42	4	4	8
43	4	4	8
44	4	4	8
45	4	4	8
46	4	4	8
47	4	4	8
48	4	4	8
49	4	4	8
50	4	4	8
51	4	4	8
52	4	4	8
53	4	4	8
54	4	4	8
55	4	4	8
56	4	4	8
57	4	4	8
58	4	4	8
59	5	6	8
60	5	6	8
61	6	6	8
62	6	7	8
63	7	7	8
64	8	7	8
65	8	8	8
66	8	8	8
67	8	8	8
68	8	8	8
69	8	8	8
70	8	8	8
71	8	8	8
72	8	8	8
73	8	8	8
74	8	8	8
75	8	8	8
76	8	8	8
77	9	8	8
78	9	8	8
79	10	10	8
80	10	11	8
81	10	11	8
82	11	13	8
83	12	14	8
84	13	15	8
85	14	15	8
86	15	15	8
87	15	15	8
88	16	16	8
89	16	16	8
90	16	16	8
91	16	16	8
92	16	16	8
93	16	16	8
94	16	16	8
95	17	16	8
96	17	16	8
97	18	16	8
98	18	16	8
99	19	19	8
100	19	19	8
101	20	23	8
102	20	24	8
103	22	25	8
104	24	28	8
105	24	28	8
106	26	29	8
107	26	29	8
108	28	30	8
109	30	31	8
110	31	31	8
111	31	31	8
112	32	32	8
113	33	32	8
114	33	32	8
115	34	32	8
116	35	32	8
117	35	32	8
118	35	33	8
119	36	35	8
120	38	38	8
121	38	43	8
122	39	46	8
123	42	50	8
124	46	52	8
125	48	54	8
126	51	56	8
127	52	57	8
128	52	58	8
129	55	60	8
130	55	60	8
131	59	61	8
132	64	62	8
133	65	63	8
134	65	63	8
135	67	64	8
136	68	64	8
137	69	66	8
138	70	72	8
139	73	78	8
140	73	80	8
141	75	82	8
142	82	85	8
143	85	95	8
144	88	100	8
145	95	102	8
146	97	110	8
147	101	112	8
148	106	115	8
149	111	117	8
150	113	118	8
151	116	118	8
152	120	119	8
153	124	121	8
154	126	127	8
155	131	131	8
156	134	136	8
157	137	139	8
158	143	145	8
159	147	154	8
160	150	158	8
161	155	161	8
162	160	172	8
163	167	177	8
164	177	191	8
165	181	200	8
166	200	204	8
167	206	217	8
168	210	223	8
169	218	227	8
170	222	232	8
171	227	237	8
172	236	241	8
173	241	244	8
174	246	250	8
175	254	261	8
176	259	270	8
177	272	282	8
178	281	291	8
179	290	303	8
180	301	315	8
181	313	325	8
182	324	340	8
183	338	353	8
184	354	368	8
185	375	381	8
186	390	398	8
187	403	408	8
188	418	429	8
189	427	443	8
190	438	454	8
191	451	467	8
192	467	480	8
193	480	494	8
194	493	511	8
195	511	528	8
196	526	537	8
197	539	554	8
198	563	574	8
199	579	600	8
200	598	625	8
201	628	651	8
202	646	677	8
203	681	698	8
204	712	719	8
205	739	749	8
206	767	777	8
207	800	813	8
208	819	847	8
209	844	869	8
210	864	892	8
211	897	921	8
212	929	958	8
213	960	993	8
214	1002	1016	8
215	1031	1044	8
216	1050	1074	8
217	1089	1113	8
218	1128	1150	8
219	1163	1194	8
220	1206	1244	8
221	1252	1289	8
222	1303	1347	8
223	1347	1379	8
224	1386	1428	8
225	1449	1485	8
226	1516	1545	8
227	1570	1593	8
228	1623	1657	8
229	1678	1726	8
230	1729	1774	8
231	1780	1837	8
232	1839	1893	8
233	1904	1957	8
234	1964	2025	8
235	2045	2087	8
236	2106	2154	8
237	2182	2224	8
238	2262	2306	8
239	2339	2391	8
240	2428	2479	8
241	2504	2564	8
242	2585	2648	8
243	2678	2742	8
244	2779	2839	8
245	2869	2938	8
246	2961	3049	8
247	3083	3148	8
248	3174	3262	8
249	3307	3392	8
250	3417	3516	8
251	3538	3642	8
252	3656	3754	8
253	3764	3880	8
254	3907	4028	8
255	4047	4152	8
256	4192	4290	8
257	4327	4433	8
258	4500	4582	8
259	4662	4758	8
260	4820	4934	8
261	4976	5088	8
262	5155	5248	8
263	5341	5410	8
264	5516	5617	8
265	5690	5828	8
266	5863	6046	8
267	6069	6246	8
268	6310	6475	8
269	6556	6701	8
270	6771	6961	8
271	7014	7214	8
272	7260	7468	8
273	7473	7729	8
274	7750	7998	8
275	7990	8235	8
276	8313	8519	8
277	8621	8824	8
278	8922	9104	8
279	9214	9425	8
280	9552	9753	8
281	9884	10107	8
282	10213	10438	8
283	10578	10794	8
284	10941	11142	8
285	11341	11535	8
286	11706	11945	8
287	12118	12373	8
288	12539	12847	8
289	12963	13296	8
290	13428	13791	8
291	13893	14270	8
292	14392	14768	8
293	14865	15267	8
294	15388	15840	8
295	15903	16368	8
296	16500	16943	8
297	17082	17541	8
298	17664	18112	8
299	18300	18733	8
300	18930	19360	8
301	19577	20018	8
302	20270	20709	8
303	21019	21419	8
304	21741	22138	8
305	22506	22906	8
306	23285	23715	8
307	24058	24593	8
308	24811	25459	8
309	25725	26384	8
310	26628	27278	8
311	27594	28291	8
312	28519	29232	8
313	29475	30296	8
314	30512	31343	8
315	31564	32437	8
316	32697	33586	8
317	33837	34819	8
318	35066	35956	8
319	36252	37177	8
320	37520	38440	8
321	38831	39783	8
322	40272	41147	8
323	41620	42582	8
324	43078	44017	8
325	44599	45542	8
326	46133	47125	8
327	47668	48742	8
328	49284	50525	8
329	50968	52328	8
330	52847	54225	8
331	54731	56079	8
332	56507	58079	8
333	58561	60073	8
334	60667	62177	8
335	62731	64352	8
336	64919	66624	8
337	67229	68946	8
338	69524	71358	8
339	71918	73787	8
340	74421	76359	8
341	77037	78991	8
342	79749	81627	8
343	82597	84578	8
344	85420	87468	8
345	88396	90456	8
346	91329	93539	8
347	94495	96805	8
348	97828	100178	8
349	101255	103705	8
350	104808	107401	8
351	108508	111269	8
352	112319	115242	8
353	116151	119208	8
354	120186	123383	8
355	124483	127666	8
356	128835	132109	8
357	133369	136758	8
358	137987	141522	8
359	142853	146329	8
360	147796	151563	8
361	152848	156744	8
362	158204	162111	8
363	163720	167679	8
364	169303	173400	8
365	175262	179549	8
366	181249	185754	8
367	187624	192254	8
368	194023	198855	8
369	200871	205897	8
370	207900	213165	8
371	215220	220739	8
372	222610	228429	8
373	230420	236461	8
374	238567	244719	8
375	246905	253225	8
376	255556	262025	8
377	264447	271199	8
378	273782	280606	8
379	283319	290419	8
380	293056	300374	8
381	303287	310877	8
382	313839	321430	8
383	324698	332593	8
384	335998	343999	8
385	347581	356134	8
386	359759	368667	8
387	372239	381614	8
388	385253	394758	8
389	398561	408572	8
390	412298	422763	8
391	426778	437624	8
392	441626	453042	8
393	457245	469076	8
394	473051	485283	8
395	489658	502260	8
396	506871	519825	8
397	524694	537983	8
398	542986	556730	8
399	561767	576033	8
400	581170	595967	8
401	601373	616489	8
402	622382	637694	8
403	644122	659821	8
404	666655	682828	8
405	689791	706859	8
406	713873	731540	8
407	738617	757099	8
408	764075	783340	8
409	790606	810641	8
410	818082	839119	8
411	846683	868534	8
412	876284	898633	8
413	907121	930025	8
414	938973	962425	8
415	971859	996069	8
416	1005476	1030923	8
417	1040440	1066933	8
418	1076456	1104347	8
419	1114093	1142498	8
0	1	1	9
1	1	1	9
2	1	1	9
3	1	1	9
4	1	1	9
5	1	1	9
6	1	1	9
7	1	1	9
8	1	1	9
9	1	1	9
10	1	1	9
11	1	1	9
12	1	1	9
13	1	1	9
14	1	1	9
15	1	1	9
16	1	1	9
17	1	1	9
18	1	1	9
19	2	2	9
20	2	2	9
21	2	2	9
22	2	2	9
23	2	2	9
24	2	2	9
25	2	2	9
26	2	2	9
27	2	2	9
28	2	2	9
29	2	2	9
30	2	2	9
31	2	2	9
32	2	2	9
33	2	2	9
34	2	2	9
35	2	2	9
36	2	2	9
37	2	2	9
38	3	2	9
39	4	3	9
40	4	3	9
41	4	3	9
42	4	4	9
43	4	4	9
44	4	4	9
45	4	4	9
46	4	4	9
47	4	4	9
48	4	4	9
49	4	4	9
50	4	4	9
51	4	4	9
52	4	4	9
53	4	4	9
54	4	4	9
55	5	4	9
56	6	4	9
57	6	4	9
58	6	4	9
59	7	5	9
60	8	6	9
61	8	7	9
62	8	7	9
63	8	7	9
64	8	7	9
65	8	8	9
66	8	8	9
67	8	8	9
68	8	8	9
69	8	8	9
70	8	8	9
71	9	8	9
72	9	8	9
73	9	8	9
74	10	8	9
75	10	8	9
76	10	8	9
77	11	8	9
78	12	8	9
79	13	10	9
80	14	12	9
81	14	12	9
82	14	14	9
83	16	14	9
84	16	14	9
85	16	15	9
86	16	15	9
87	17	15	9
88	17	16	9
89	17	16	9
90	17	16	9
91	17	16	9
92	18	16	9
93	19	16	9
94	19	16	9
95	20	16	9
96	20	16	9
97	22	16	9
98	22	17	9
99	23	20	9
100	25	21	9
101	27	23	9
102	28	26	9
103	30	27	9
104	31	30	9
105	31	30	9
106	33	30	9
107	34	30	9
108	34	30	9
109	34	30	9
110	35	32	9
111	36	32	9
112	37	32	9
113	37	32	9
114	38	32	9
115	41	32	9
116	41	32	9
117	43	34	9
118	43	34	9
119	46	37	9
120	52	40	9
121	52	44	9
122	54	48	9
123	58	50	9
124	59	54	9
125	60	57	9
126	63	60	9
127	63	60	9
128	63	61	9
129	68	61	9
130	72	62	9
131	72	63	9
132	73	63	9
133	76	64	9
134	78	64	9
135	82	65	9
136	83	67	9
137	85	68	9
138	89	72	9
139	93	76	9
140	98	81	9
141	102	88	9
142	106	92	9
143	110	95	9
144	112	102	9
145	116	108	9
146	119	112	9
147	122	115	9
148	126	119	9
149	132	122	9
150	135	124	9
151	141	124	9
152	148	125	9
153	151	127	9
154	153	130	9
155	160	132	9
156	164	136	9
157	171	141	9
158	182	145	9
159	185	152	9
160	196	165	9
161	207	168	9
162	208	178	9
163	213	190	9
164	219	198	9
165	224	203	9
166	231	210	9
167	248	219	9
168	254	227	9
169	264	239	9
170	273	244	9
171	278	246	9
172	287	250	9
173	293	257	9
174	304	262	9
175	315	268	9
176	326	272	9
177	341	286	9
178	358	297	9
179	378	311	9
180	392	326	9
181	408	334	9
182	415	353	9
183	428	367	9
184	438	386	9
185	451	399	9
186	467	412	9
187	484	424	9
188	500	436	9
189	517	463	9
190	538	473	9
191	557	492	9
192	570	502	9
193	585	512	9
194	608	525	9
195	626	538	9
196	649	551	9
197	676	570	9
198	707	592	9
199	745	617	9
200	772	649	9
201	808	667	9
202	833	698	9
203	850	726	9
204	877	758	9
205	902	780	9
206	927	809	9
207	953	837	9
208	985	866	9
209	1025	900	9
210	1067	924	9
211	1086	960	9
212	1127	986	9
213	1167	1017	9
214	1205	1038	9
215	1255	1068	9
216	1293	1100	9
217	1346	1152	9
218	1401	1185	9
219	1463	1233	9
220	1531	1278	9
221	1592	1323	9
222	1645	1373	9
223	1689	1430	9
224	1735	1483	9
225	1789	1535	9
226	1844	1601	9
227	1895	1661	9
228	1959	1720	9
229	2020	1775	9
230	2107	1830	9
231	2179	1886	9
232	2250	1942	9
233	2320	1994	9
234	2401	2065	9
235	2499	2141	9
236	2571	2209	9
237	2678	2279	9
238	2777	2374	9
239	2890	2455	9
240	3001	2544	9
241	3122	2641	9
242	3235	2733	9
243	3352	2821	9
244	3440	2950	9
245	3546	3057	9
246	3658	3169	9
247	3765	3285	9
248	3899	3395	9
249	4026	3503	9
250	4152	3607	9
251	4302	3739	9
252	4460	3870	9
253	4642	3985	9
254	4789	4105	9
255	4962	4261	9
256	5129	4414	9
257	5331	4552	9
258	5527	4730	9
259	5735	4885	9
260	5950	5080	9
261	6166	5245	9
262	6392	5420	9
263	6605	5627	9
264	6811	5838	9
265	7041	6055	9
266	7262	6259	9
267	7486	6497	9
268	7744	6699	9
269	7984	6926	9
270	8222	7179	9
271	8528	7430	9
272	8867	7680	9
273	9204	7915	9
274	9515	8170	9
275	9857	8490	9
276	10212	8778	9
277	10600	9082	9
278	10980	9403	9
279	11400	9736	9
280	11814	10077	9
281	12226	10421	9
282	12665	10810	9
283	13099	11193	9
284	13551	11546	9
285	13982	11982	9
286	14418	12388	9
287	14920	12838	9
288	15389	13279	9
289	15850	13728	9
290	16417	14211	9
291	16988	14695	9
292	17544	15217	9
293	18188	15746	9
294	18905	16307	9
295	19589	16833	9
296	20306	17449	9
297	21025	18053	9
298	21716	18686	9
299	22532	19352	9
300	23364	20040	9
301	24223	20736	9
302	25081	21407	9
303	25928	22158	9
304	26838	22922	9
305	27714	23742	9
306	28619	24560	9
307	29583	25424	9
308	30557	26350	9
309	31585	27259	9
310	32620	28225	9
311	33738	29209	9
312	34975	30241	9
313	36261	31293	9
314	37556	32357	9
315	38883	33467	9
316	40250	34606	9
317	41637	35765	9
318	43087	37069	9
319	44594	38341	9
320	46242	39668	9
321	47835	41063	9
322	49562	42513	9
323	51342	43969	9
324	53145	45500	9
325	54924	47114	9
326	56792	48766	9
327	58693	50504	9
328	60688	52250	9
329	62726	54067	9
330	64933	56006	9
331	67156	57977	9
332	69539	60011	9
333	71954	62081	9
334	74538	64160	9
335	77153	66339	9
336	79821	68642	9
337	82578	71024	9
338	85413	73484	9
339	88488	76013	9
340	91581	78702	9
341	94832	81433	9
342	98170	84308	9
343	101590	87245	9
344	105147	90302	9
345	108778	93468	9
346	112519	96775	9
347	116453	100204	9
348	120463	103718	9
349	124589	107349	9
350	128859	111056	9
351	133488	114893	9
352	138088	118997	9
353	142906	123009	9
354	147896	127217	9
355	153011	131520	9
356	158248	136133	9
357	163688	140894	9
358	169373	145857	9
359	175290	150988	9
360	181470	156160	9
361	188021	161661	9
362	194616	167218	9
363	201382	173082	9
364	208343	179157	9
365	215568	185412	9
366	223001	192117	9
367	230736	198795	9
368	238767	205849	9
369	247156	212923	9
370	255880	220263	9
371	264804	227905	9
372	273904	235844	9
373	283382	244037	9
374	293197	252395	9
375	303324	261109	9
376	313833	270184	9
377	324936	279669	9
378	336044	289539	9
379	347841	299494	9
380	360028	309980	9
381	372639	320689	9
382	385845	331881	9
383	399164	343375	9
384	412897	355344	9
385	427316	367934	9
386	442234	381119	9
387	457445	394565	9
388	473369	408230	9
389	490128	422338	9
390	507186	436890	9
391	525025	451961	9
392	543218	467634	9
393	562101	483843	9
394	581383	500530	9
395	601475	517828	9
396	622570	535980	9
397	644335	554658	9
398	666655	574066	9
399	689922	594235	9
400	714074	614844	9
401	738912	636149	9
402	764725	658593	9
403	791302	681598	9
404	818922	705559	9
405	847439	730009	9
406	876921	755568	9
407	907579	782075	9
408	938904	809491	9
409	972205	837656	9
410	1006111	866805	9
411	1041251	896734	9
412	1077279	927709	9
413	1114896	959732	9
414	1153315	992895	9
415	1193461	1027462	9
416	1234734	1063292	9
417	1277884	1100359	9
418	1322406	1138830	9
419	1368460	1178739	9
