
[Plate: M 600  #1]
Time=00:00:00
	1	2	3	4	5	6	7	8	9	10	11	12
A	0.088	0.124	0.122	0.117	0.105	0.105	0.175	0.188	0.197	0.199	0.193	0.091
B	0.257	0.098	0.146	0.098	0.099	0.102	0.120	0.116	0.115	0.115	0.117	0.101
C	0.266	0.123	0.129	0.133	0.132	0.132	0.137	0.136	0.133	0.131	0.131	0.113
D	0.154	0.110	0.108	0.117	0.111	0.109	0.122	0.119	0.119	0.114	0.116	0.105
E	0.106	0.103	0.102	0.105	0.109	0.109	0.120	0.120	0.122	0.127	0.116	0.106
F	0.112	0.103	0.103	0.106	0.108	0.110	0.122	0.129	0.131	0.119	0.118	0.108
G	0.100	0.094	0.098	0.101	0.106	0.104	0.119	0.121	0.120	0.120	0.114	0.098
H	0.073	0.074	0.074	0.076	0.075	0.075	0.077	0.100	0.119	0.118	0.109	0.078

[Plate: M 600  #2]
Time=00:01:00
	1	2	3	4	5	6	7	8	9	10	11	12
A	0.091	0.125	0.124	0.119	0.105	0.105	0.178	0.191	0.201	0.203	0.197	0.095
B	0.257	0.100	0.149	0.101	0.102	0.104	0.124	0.120	0.120	0.119	0.122	0.105
C	0.266	0.126	0.132	0.135	0.135	0.134	0.142	0.141	0.138	0.136	0.136	0.117
D	0.155	0.113	0.111	0.120	0.113	0.112	0.127	0.124	0.125	0.119	0.121	0.110
E	0.111	0.106	0.105	0.108	0.113	0.112	0.125	0.126	0.128	0.133	0.122	0.111
F	0.117	0.106	0.106	0.109	0.112	0.113	0.127	0.134	0.137	0.124	0.124	0.113
G	0.104	0.097	0.100	0.104	0.109	0.107	0.124	0.127	0.126	0.126	0.120	0.102
H	0.074	0.074	0.074	0.076	0.075	0.075	0.074	0.094	0.123	0.122	0.114	0.076

[Plate: M 600  #3]
Time=00:02:00
	1	2	3	4	5	6	7	8	9	10	11	12
A	0.094	0.125	0.125	0.120	0.105	0.106	0.180	0.195	0.204	0.207	0.200	0.099
B	0.258	0.103	0.151	0.103	0.104	0.106	0.128	0.125	0.125	0.124	0.126	0.109
C	0.265	0.127	0.134	0.138	0.137	0.136	0.146	0.146	0.142	0.140	0.140	0.121
D	0.157	0.115	0.113	0.122	0.116	0.115	0.131	0.128	0.129	0.123	0.126	0.114
E	0.114	0.108	0.108	0.111	0.115	0.115	0.130	0.131	0.133	0.138	0.127	0.116
F	0.121	0.108	0.109	0.112	0.115	0.116	0.132	0.140	0.142	0.129	0.129	0.118
G	0.108	0.099	0.103	0.107	0.112	0.110	0.130	0.132	0.131	0.132	0.126	0.106
H	0.074	0.074	0.075	0.076	0.075	0.075	0.074	0.090	0.126	0.126	0.117	0.074

[Plate: M 600  #4]
Time=00:03:00
	1	2	3	4	5	6	7	8	9	10	11	12
A	0.096	0.125	0.127	0.120	0.104	0.106	0.180	0.197	0.207	0.209	0.203	0.102
B	0.257	0.104	0.152	0.105	0.105	0.108	0.131	0.128	0.127	0.127	0.129	0.112
C	0.266	0.129	0.135	0.139	0.139	0.139	0.149	0.149	0.146	0.144	0.144	0.125
D	0.158	0.117	0.115	0.124	0.118	0.117	0.135	0.132	0.133	0.127	0.130	0.118
E	0.117	0.110	0.109	0.113	0.117	0.117	0.134	0.135	0.137	0.141	0.131	0.120
F	0.124	0.110	0.110	0.113	0.116	0.118	0.136	0.144	0.146	0.132	0.133	0.122
G	0.111	0.100	0.104	0.108	0.114	0.111	0.133	0.136	0.136	0.135	0.129	0.108
H	0.074	0.074	0.074	0.076	0.075	0.075	0.073	0.085	0.127	0.129	0.119	0.072

[Plate: M 600  #5]
Time=00:04:00
	1	2	3	4	5	6	7	8	9	10	11	12
A	0.098	0.125	0.127	0.120	0.104	0.106	0.181	0.199	0.210	0.212	0.205	0.105
B	0.257	0.105	0.153	0.106	0.106	0.109	0.134	0.130	0.130	0.130	0.132	0.115
C	0.266	0.129	0.136	0.141	0.141	0.141	0.152	0.151	0.148	0.146	0.146	0.128
D	0.159	0.118	0.116	0.126	0.119	0.119	0.138	0.135	0.136	0.130	0.133	0.122
E	0.120	0.111	0.111	0.115	0.119	0.118	0.137	0.138	0.140	0.145	0.134	0.124
F	0.127	0.111	0.112	0.115	0.118	0.119	0.139	0.147	0.150	0.135	0.136	0.125
G	0.113	0.101	0.105	0.110	0.115	0.112	0.136	0.139	0.139	0.139	0.132	0.111
H	0.074	0.074	0.074	0.076	0.075	0.075	0.073	0.081	0.128	0.131	0.121	0.071

[Plate: M 600  #6]
Time=00:05:00
	1	2	3	4	5	6	7	8	9	10	11	12
A	0.099	0.125	0.128	0.120	0.104	0.106	0.180	0.200	0.211	0.214	0.207	0.108
B	0.257	0.105	0.154	0.107	0.107	0.110	0.135	0.132	0.132	0.132	0.134	0.118
C	0.266	0.130	0.137	0.142	0.141	0.142	0.154	0.154	0.151	0.149	0.150	0.131
D	0.160	0.119	0.117	0.127	0.120	0.120	0.140	0.137	0.138	0.132	0.135	0.125
E	0.123	0.112	0.112	0.116	0.120	0.120	0.139	0.141	0.143	0.147	0.137	0.127
F	0.129	0.112	0.113	0.116	0.119	0.121	0.142	0.150	0.153	0.138	0.139	0.128
G	0.115	0.101	0.105	0.111	0.116	0.113	0.139	0.141	0.141	0.141	0.135	0.113
H	0.074	0.073	0.074	0.076	0.074	0.075	0.073	0.078	0.128	0.132	0.123	0.071

[Plate: M 600  #7]
Time=00:06:00
	1	2	3	4	5	6	7	8	9	10	11	12
A	0.101	0.124	0.128	0.119	0.104	0.106	0.179	0.202	0.213	0.215	0.209	0.110
B	0.258	0.106	0.155	0.108	0.108	0.111	0.137	0.134	0.134	0.134	0.136	0.121
C	0.266	0.130	0.137	0.142	0.142	0.142	0.156	0.155	0.154	0.151	0.151	0.133
D	0.160	0.120	0.118	0.128	0.121	0.121	0.142	0.139	0.141	0.135	0.137	0.128
E	0.125	0.112	0.113	0.117	0.121	0.121	0.141	0.143	0.145	0.149	0.139	0.130
F	0.131	0.113	0.114	0.117	0.120	0.122	0.144	0.152	0.155	0.140	0.141	0.131
G	0.118	0.101	0.105	0.111	0.116	0.114	0.141	0.144	0.144	0.144	0.138	0.115
H	0.074	0.074	0.074	0.076	0.075	0.075	0.073	0.076	0.127	0.134	0.124	0.071

[Plate: M 600  #8]
Time=00:07:00
	1	2	3	4	5	6	7	8	9	10	11	12
A	0.102	0.124	0.128	0.117	0.104	0.105	0.177	0.202	0.214	0.217	0.210	0.112
B	0.258	0.106	0.155	0.107	0.108	0.110	0.138	0.135	0.136	0.135	0.138	0.123
C	0.266	0.131	0.138	0.143	0.143	0.143	0.157	0.156	0.155	0.153	0.154	0.136
D	0.161	0.120	0.118	0.128	0.122	0.121	0.143	0.141	0.143	0.136	0.139	0.130
E	0.127	0.113	0.113	0.117	0.121	0.121	0.143	0.145	0.147	0.151	0.141	0.132
F	0.133	0.114	0.114	0.117	0.120	0.122	0.146	0.154	0.157	0.142	0.143	0.133
G	0.119	0.100	0.105	0.111	0.116	0.114	0.142	0.146	0.146	0.145	0.139	0.116
H	0.074	0.074	0.074	0.076	0.074	0.075	0.073	0.076	0.125	0.135	0.124	0.071

[Plate: M 600  #9]
Time=00:08:00
	1	2	3	4	5	6	7	8	9	10	11	12
A	0.103	0.123	0.128	0.116	0.104	0.106	0.174	0.203	0.215	0.217	0.211	0.114
B	0.258	0.106	0.155	0.108	0.108	0.111	0.139	0.137	0.137	0.137	0.139	0.125
C	0.267	0.131	0.138	0.143	0.142	0.143	0.158	0.157	0.157	0.154	0.155	0.138
D	0.162	0.120	0.118	0.129	0.122	0.122	0.144	0.142	0.144	0.138	0.141	0.132
E	0.129	0.113	0.113	0.117	0.121	0.122	0.144	0.146	0.149	0.153	0.143	0.135
F	0.134	0.114	0.114	0.118	0.121	0.123	0.147	0.155	0.159	0.144	0.145	0.136
G	0.120	0.099	0.105	0.111	0.116	0.113	0.143	0.147	0.147	0.147	0.141	0.117
H	0.074	0.074	0.074	0.076	0.074	0.075	0.073	0.075	0.122	0.135	0.123	0.071

[Plate: M 600  #10]
Time=00:09:00
	1	2	3	4	5	6	7	8	9	10	11	12
A	0.104	0.122	0.128	0.114	0.104	0.106	0.171	0.203	0.216	0.219	0.212	0.115
B	0.258	0.106	0.155	0.108	0.108	0.110	0.140	0.138	0.138	0.138	0.140	0.127
C	0.267	0.131	0.138	0.143	0.142	0.144	0.160	0.159	0.157	0.155	0.156	0.139
D	0.162	0.120	0.118	0.129	0.122	0.122	0.146	0.144	0.146	0.139	0.142	0.134
E	0.130	0.113	0.114	0.118	0.121	0.122	0.146	0.148	0.150	0.154	0.144	0.137
F	0.136	0.114	0.115	0.118	0.121	0.123	0.149	0.157	0.160	0.145	0.146	0.137
G	0.121	0.098	0.104	0.111	0.116	0.113	0.144	0.148	0.149	0.149	0.142	0.118
H	0.074	0.074	0.074	0.076	0.074	0.075	0.073	0.076	0.119	0.135	0.123	0.071

[Plate: M 600  #11]
Time=00:10:00
	1	2	3	4	5	6	7	8	9	10	11	12
A	0.105	0.121	0.127	0.112	0.104	0.106	0.168	0.203	0.217	0.219	0.213	0.117
B	0.259	0.106	0.155	0.108	0.108	0.110	0.140	0.139	0.139	0.139	0.141	0.129
C	0.268	0.130	0.138	0.142	0.142	0.143	0.160	0.160	0.159	0.156	0.158	0.141
D	0.163	0.120	0.118	0.128	0.122	0.122	0.146	0.145	0.147	0.140	0.143	0.136
E	0.132	0.113	0.114	0.118	0.121	0.122	0.147	0.149	0.151	0.156	0.145	0.139
F	0.137	0.114	0.115	0.118	0.121	0.123	0.150	0.158	0.161	0.146	0.147	0.139
G	0.121	0.096	0.103	0.111	0.115	0.112	0.145	0.149	0.150	0.150	0.143	0.118
H	0.074	0.074	0.074	0.076	0.075	0.075	0.073	0.075	0.114	0.136	0.121	0.071

[Plate: M 600 Corr.  #1]
Time=00:00:00
	1	2	3	4	5	6	7	8	9	10	11	12
A	-0.056	-0.020	-0.022	-0.027	-0.039	-0.039	0.030	0.044	0.053	0.055	0.049	-0.053
B	0.113	-0.046	0.002	-0.046	-0.045	-0.042	-0.024	-0.028	-0.029	-0.029	-0.027	-0.043
C	0.122	-0.021	-0.015	-0.011	-0.012	-0.012	-0.007	-0.008	-0.011	-0.013	-0.013	-0.031
D	0.010	-0.034	-0.036	-0.027	-0.033	-0.035	-0.022	-0.025	-0.025	-0.030	-0.028	-0.039
E	-0.038	-0.041	-0.042	-0.039	-0.035	-0.035	-0.024	-0.024	-0.022	-0.017	-0.028	-0.038
F	-0.032	-0.041	-0.041	-0.038	-0.036	-0.034	-0.022	-0.015	-0.013	-0.025	-0.026	-0.036
G	-0.044	-0.050	-0.046	-0.043	-0.038	-0.040	-0.025	-0.023	-0.024	-0.024	-0.030	-0.046
H	-0.071	-0.070	-0.070	-0.068	-0.069	-0.069	-0.067	-0.044	-0.025	-0.026	-0.035	-0.066

[Plate: M 600 Corr.  #2]
Time=00:01:00
	1	2	3	4	5	6	7	8	9	10	11	12
A	-0.056	-0.022	-0.023	-0.028	-0.042	-0.042	0.031	0.044	0.054	0.056	0.050	-0.052
B	0.110	-0.047	0.002	-0.046	-0.045	-0.043	-0.023	-0.027	-0.027	-0.028	-0.025	-0.042
C	0.119	-0.021	-0.015	-0.012	-0.012	-0.013	-0.005	-0.006	-0.009	-0.011	-0.011	-0.030
D	0.008	-0.034	-0.036	-0.027	-0.034	-0.035	-0.020	-0.023	-0.022	-0.028	-0.026	-0.037
E	-0.036	-0.041	-0.042	-0.039	-0.034	-0.035	-0.022	-0.021	-0.019	-0.014	-0.025	-0.036
F	-0.030	-0.041	-0.041	-0.038	-0.035	-0.034	-0.020	-0.013	-0.010	-0.023	-0.023	-0.034
G	-0.043	-0.050	-0.047	-0.043	-0.038	-0.040	-0.023	-0.020	-0.021	-0.021	-0.027	-0.045
H	-0.073	-0.073	-0.073	-0.071	-0.072	-0.072	-0.073	-0.053	-0.024	-0.025	-0.033	-0.071

[Plate: M 600 Corr.  #3]
Time=00:02:00
	1	2	3	4	5	6	7	8	9	10	11	12
A	-0.055	-0.024	-0.024	-0.029	-0.044	-0.043	0.031	0.046	0.055	0.058	0.051	-0.050
B	0.109	-0.046	0.002	-0.046	-0.045	-0.043	-0.021	-0.024	-0.024	-0.025	-0.023	-0.040
C	0.116	-0.022	-0.015	-0.011	-0.012	-0.013	-0.003	-0.003	-0.007	-0.009	-0.009	-0.028
D	0.008	-0.034	-0.036	-0.027	-0.033	-0.034	-0.018	-0.021	-0.020	-0.026	-0.023	-0.035
E	-0.035	-0.041	-0.041	-0.038	-0.034	-0.034	-0.019	-0.018	-0.016	-0.011	-0.022	-0.033
F	-0.028	-0.041	-0.040	-0.037	-0.034	-0.033	-0.017	-0.009	-0.007	-0.020	-0.020	-0.031
G	-0.041	-0.050	-0.046	-0.042	-0.037	-0.039	-0.019	-0.017	-0.018	-0.017	-0.023	-0.043
H	-0.075	-0.075	-0.074	-0.073	-0.074	-0.074	-0.075	-0.059	-0.023	-0.023	-0.032	-0.075

[Plate: M 600 Corr.  #4]
Time=00:03:00
	1	2	3	4	5	6	7	8	9	10	11	12
A	-0.054	-0.025	-0.023	-0.030	-0.046	-0.044	0.030	0.047	0.057	0.059	0.053	-0.048
B	0.107	-0.046	0.002	-0.045	-0.045	-0.042	-0.019	-0.022	-0.023	-0.023	-0.021	-0.038
C	0.116	-0.021	-0.015	-0.011	-0.011	-0.011	-0.001	-0.001	-0.004	-0.006	-0.006	-0.025
D	0.008	-0.033	-0.035	-0.026	-0.032	-0.033	-0.015	-0.018	-0.017	-0.023	-0.020	-0.032
E	-0.033	-0.040	-0.041	-0.037	-0.033	-0.033	-0.016	-0.015	-0.013	-0.009	-0.019	-0.030
F	-0.026	-0.040	-0.040	-0.037	-0.034	-0.032	-0.014	-0.006	-0.004	-0.018	-0.017	-0.028
G	-0.039	-0.050	-0.046	-0.042	-0.036	-0.039	-0.017	-0.014	-0.014	-0.015	-0.021	-0.042
H	-0.076	-0.076	-0.076	-0.074	-0.075	-0.075	-0.077	-0.065	-0.023	-0.021	-0.031	-0.078

[Plate: M 600 Corr.  #5]
Time=00:04:00
	1	2	3	4	5	6	7	8	9	10	11	12
A	-0.054	-0.027	-0.025	-0.032	-0.048	-0.046	0.029	0.047	0.058	0.060	0.053	-0.047
B	0.105	-0.047	0.001	-0.046	-0.046	-0.043	-0.018	-0.022	-0.022	-0.022	-0.020	-0.037
C	0.114	-0.023	-0.016	-0.011	-0.011	-0.011	0.000	-0.001	-0.004	-0.006	-0.006	-0.024
D	0.007	-0.034	-0.036	-0.026	-0.033	-0.033	-0.014	-0.017	-0.016	-0.022	-0.019	-0.030
E	-0.032	-0.041	-0.041	-0.037	-0.033	-0.034	-0.015	-0.014	-0.012	-0.007	-0.018	-0.028
F	-0.025	-0.041	-0.040	-0.037	-0.034	-0.033	-0.013	-0.005	-0.002	-0.017	-0.016	-0.027
G	-0.039	-0.051	-0.047	-0.042	-0.037	-0.040	-0.016	-0.013	-0.013	-0.013	-0.020	-0.041
H	-0.078	-0.078	-0.078	-0.076	-0.077	-0.077	-0.079	-0.071	-0.024	-0.021	-0.031	-0.081

[Plate: M 600 Corr.  #6]
Time=00:05:00
	1	2	3	4	5	6	7	8	9	10	11	12
A	-0.054	-0.028	-0.025	-0.033	-0.049	-0.047	0.027	0.047	0.058	0.061	0.054	-0.045
B	0.104	-0.048	0.001	-0.046	-0.046	-0.043	-0.018	-0.021	-0.021	-0.021	-0.019	-0.035
C	0.113	-0.023	-0.016	-0.011	-0.012	-0.011	0.001	0.001	-0.002	-0.004	-0.003	-0.022
D	0.007	-0.034	-0.036	-0.026	-0.033	-0.033	-0.013	-0.016	-0.015	-0.021	-0.018	-0.028
E	-0.030	-0.041	-0.041	-0.037	-0.033	-0.033	-0.014	-0.012	-0.010	-0.006	-0.016	-0.026
F	-0.024	-0.041	-0.040	-0.037	-0.034	-0.032	-0.011	-0.003	0.000	-0.015	-0.014	-0.025
G	-0.038	-0.052	-0.048	-0.042	-0.037	-0.040	-0.014	-0.012	-0.012	-0.012	-0.018	-0.040
H	-0.079	-0.080	-0.079	-0.077	-0.079	-0.078	-0.080	-0.075	-0.025	-0.021	-0.030	-0.082

[Plate: M 600 Corr.  #7]
Time=00:06:00
	1	2	3	4	5	6	7	8	9	10	11	12
A	-0.053	-0.030	-0.026	-0.035	-0.050	-0.048	0.025	0.048	0.059	0.061	0.055	-0.044
B	0.104	-0.048	0.001	-0.046	-0.046	-0.043	-0.017	-0.020	-0.020	-0.020	-0.018	-0.033
C	0.112	-0.024	-0.017	-0.012	-0.012	-0.012	0.002	0.001	-0.000	-0.003	-0.003	-0.021
D	0.006	-0.034	-0.036	-0.026	-0.033	-0.033	-0.012	-0.015	-0.013	-0.019	-0.017	-0.026
E	-0.029	-0.042	-0.041	-0.037	-0.033	-0.033	-0.013	-0.011	-0.009	-0.005	-0.015	-0.024
F	-0.023	-0.041	-0.040	-0.037	-0.034	-0.032	-0.010	-0.002	0.001	-0.014	-0.013	-0.023
G	-0.036	-0.053	-0.049	-0.043	-0.038	-0.040	-0.013	-0.010	-0.010	-0.010	-0.016	-0.039
H	-0.080	-0.080	-0.080	-0.078	-0.079	-0.079	-0.081	-0.078	-0.027	-0.020	-0.030	-0.083

[Plate: M 600 Corr.  #8]
Time=00:07:00
	1	2	3	4	5	6	7	8	9	10	11	12
A	-0.053	-0.031	-0.027	-0.038	-0.051	-0.050	0.022	0.047	0.059	0.062	0.055	-0.043
B	0.103	-0.049	-0.000	-0.048	-0.047	-0.045	-0.017	-0.020	-0.019	-0.020	-0.017	-0.032
C	0.111	-0.024	-0.017	-0.012	-0.012	-0.012	0.002	0.001	-0.000	-0.002	-0.001	-0.019
D	0.006	-0.035	-0.037	-0.027	-0.033	-0.034	-0.012	-0.014	-0.012	-0.019	-0.016	-0.025
E	-0.028	-0.042	-0.042	-0.038	-0.034	-0.034	-0.012	-0.010	-0.008	-0.004	-0.014	-0.023
F	-0.022	-0.041	-0.041	-0.038	-0.035	-0.033	-0.009	-0.001	0.002	-0.013	-0.012	-0.022
G	-0.036	-0.055	-0.050	-0.044	-0.039	-0.041	-0.013	-0.009	-0.009	-0.010	-0.016	-0.039
H	-0.081	-0.081	-0.081	-0.079	-0.081	-0.080	-0.082	-0.079	-0.030	-0.020	-0.031	-0.084

[Plate: M 600 Corr.  #9]
Time=00:08:00
	1	2	3	4	5	6	7	8	9	10	11	12
A	-0.053	-0.033	-0.028	-0.040	-0.052	-0.050	0.018	0.047	0.059	0.061	0.055	-0.042
B	0.102	-0.050	-0.001	-0.048	-0.048	-0.045	-0.017	-0.019	-0.019	-0.019	-0.017	-0.031
C	0.111	-0.025	-0.018	-0.013	-0.014	-0.013	0.002	0.001	0.001	-0.002	-0.001	-0.018
D	0.006	-0.036	-0.038	-0.027	-0.034	-0.034	-0.012	-0.014	-0.012	-0.018	-0.015	-0.024
E	-0.027	-0.043	-0.043	-0.039	-0.035	-0.034	-0.012	-0.010	-0.007	-0.003	-0.013	-0.021
F	-0.022	-0.042	-0.042	-0.038	-0.035	-0.033	-0.009	-0.001	0.003	-0.012	-0.011	-0.020
G	-0.036	-0.057	-0.051	-0.045	-0.040	-0.043	-0.013	-0.009	-0.009	-0.009	-0.015	-0.039
H	-0.082	-0.082	-0.082	-0.080	-0.082	-0.081	-0.083	-0.081	-0.034	-0.021	-0.033	-0.085

[Plate: M 600 Corr.  #10]
Time=00:09:00
	1	2	3	4	5	6	7	8	9	10	11	12
A	-0.053	-0.035	-0.028	-0.042	-0.053	-0.051	0.015	0.047	0.059	0.063	0.055	-0.041
B	0.102	-0.051	-0.002	-0.049	-0.049	-0.047	-0.016	-0.018	-0.018	-0.018	-0.016	-0.029
C	0.111	-0.025	-0.018	-0.014	-0.015	-0.013	0.004	0.003	0.001	-0.002	-0.001	-0.017
D	0.006	-0.037	-0.039	-0.027	-0.035	-0.035	-0.011	-0.013	-0.011	-0.017	-0.015	-0.022
E	-0.026	-0.043	-0.042	-0.039	-0.036	-0.035	-0.011	-0.009	-0.007	-0.003	-0.013	-0.019
F	-0.020	-0.042	-0.041	-0.039	-0.036	-0.034	-0.008	0.001	0.004	-0.012	-0.011	-0.019
G	-0.036	-0.058	-0.053	-0.045	-0.040	-0.043	-0.013	-0.009	-0.008	-0.008	-0.015	-0.039
H	-0.083	-0.083	-0.083	-0.081	-0.083	-0.082	-0.084	-0.081	-0.038	-0.021	-0.034	-0.086

[Plate: M 600 Corr.  #11]
Time=00:10:00
	1	2	3	4	5	6	7	8	9	10	11	12
A	-0.052	-0.036	-0.030	-0.045	-0.053	-0.051	0.011	0.046	0.060	0.062	0.056	-0.040
B	0.102	-0.051	-0.002	-0.049	-0.049	-0.047	-0.017	-0.018	-0.018	-0.018	-0.016	-0.028
C	0.111	-0.027	-0.019	-0.015	-0.015	-0.014	0.003	0.003	0.002	-0.001	0.001	-0.016
D	0.006	-0.037	-0.039	-0.029	-0.035	-0.035	-0.011	-0.012	-0.010	-0.017	-0.014	-0.021
E	-0.025	-0.044	-0.043	-0.039	-0.036	-0.035	-0.010	-0.008	-0.006	-0.001	-0.012	-0.018
F	-0.020	-0.043	-0.042	-0.039	-0.036	-0.034	-0.007	0.001	0.004	-0.011	-0.010	-0.018
G	-0.036	-0.061	-0.054	-0.046	-0.042	-0.045	-0.012	-0.008	-0.007	-0.007	-0.014	-0.039
H	-0.083	-0.083	-0.083	-0.081	-0.082	-0.082	-0.084	-0.082	-0.043	-0.021	-0.036	-0.086
